0.209445 0.402181 0 0 
0.002314 0.310338 0 0 
0.430949 0.404158 0 0 
0.188847 0.601660 0 0 
0.056400 -0.119224 0 0 
0.300619 -0.162389 0 0 
0.566445 0.420821 0 0 
0.362410 0.062713 0 0 
0.239322 0.172200 0 0 
0.081493 0.238479 0 0 
-0.063761 0.409390 0 0 
0.421507 0.482538 0 0 
-0.152340 -0.245810 0 0 
0.483456 0.034410 0 0 
0.328857 0.078175 0 0 
0.192327 0.099640 0 0 
-0.331499 0.004990 0 0 
0.564259 -0.238870 0 0 
0.089787 0.037853 0 0 
0.830739 0.468244 0 1 
-0.203134 0.243509 0 1 
0.316438 0.077034 0 0 
-0.009690 0.075454 0 0 
-0.019093 0.167325 0 0 
-0.201733 0.255422 0 0 
0.577701 -0.386506 0 0 
0.204243 0.139091 0 0 
0.317190 0.261748 0 0 
-0.179234 0.123060 0 0 
0.327530 0.355920 0 0 
0.316578 -0.171541 0 0 
0.075695 0.278540 0 0 
0.691809 0.235621 0 0 
0.704555 0.290565 0 0 
-0.008384 0.364855 0 0 
0.920463 0.087130 0 0 
0.337759 0.184563 0 0 
0.034337 0.227194 0 0 
-0.057562 0.432308 0 0 
0.528188 -0.396332 0 0 
0.342035 0.339205 0 0 
0.396177 0.007073 0 0 
0.103787 0.121278 0 0 
0.354011 0.374873 0 0 
0.331417 -0.318436 0 0 
-0.217423 0.176287 0 0 
0.475528 0.490306 0 0 
0.259801 0.241465 0 0 
0.009701 0.813423 0 0 
0.264467 0.113018 0 0 
0.975382 0.709222 1 1 
0.652806 0.531828 1 1 
0.591227 0.750740 1 1 
0.402079 1.161257 1 1 
0.738599 0.876756 1 1 
1.010262 0.254917 1 1 
0.918653 0.372041 1 1 
0.838905 1.007186 1 1 
0.366369 0.684273 1 1 
0.379333 0.507053 1 1 
0.421179 0.419531 1 0 
1.106611 0.240690 1 1 
0.917474 0.900092 1 1 
0.922775 0.588394 1 1 
0.489101 0.460278 1 1 
0.872396 1.002037 1 1 
0.535902 0.961743 1 1 
0.588059 0.776300 1 1 
0.893683 0.808370 1 1 
0.793844 0.575779 1 1 
1.198380 0.785487 1 1 
0.680992 0.462712 1 1 
0.716137 0.930534 1 1 
0.740923 0.880470 1 1 
0.754941 0.946860 1 1 
0.882842 0.854606 1 1 
0.904879 0.721088 1 1 
0.685158 0.683633 1 1 
0.492437 0.138304 1 1 
0.402178 0.711857 1 1 
1.006656 1.123723 1 1 
0.977842 0.633424 1 1 
0.432988 0.631848 1 1 
0.413035 0.978251 1 1 
0.777278 1.043240 1 1 
1.259974 0.562347 1 1 
0.936837 0.284511 1 1 
0.993785 0.878443 1 1 
0.147035 0.485128 1 1 
1.102360 0.482920 1 1 
0.819520 0.930968 1 1 
0.332654 -0.186606 1 1 
1.301244 0.594795 1 1 
0.752369 1.209483 1 1 
0.865823 0.492602 1 1 
0.962995 0.699271 1 1 
0.679864 0.767073 1 1 
0.603315 0.748503 1 1 
0.556867 1.574363 1 1 
0.663432 0.649324 1 1 
