0.125805 -0.132308 0 0 
0.008523 0.190481 0 0 
0.138255 0.200454 0 0 
-0.057821 0.196246 0 0 
-0.097475 0.162428 0 0 
0.221547 0.041445 0 0 
-0.064734 0.099257 0 0 
-0.152972 0.087477 0 0 
0.118532 0.076368 0 0 
0.066102 0.088178 0 0 
0.169892 0.103498 0 0 
0.170162 0.230699 0 0 
0.121022 0.035115 0 0 
0.112832 0.096590 0 0 
-0.037132 0.173134 0 0 
0.078308 0.087443 0 0 
-0.111494 0.043036 0 0 
0.121989 0.073302 0 0 
0.090899 0.194030 0 0 
0.287633 0.051959 0 0 
0.133003 0.007669 0 0 
0.145651 0.136360 0 0 
0.284976 0.096403 0 0 
0.081779 0.217041 0 0 
0.038883 0.070660 0 0 
0.075723 0.030308 0 0 
0.065415 0.220671 0 0 
0.042178 0.127080 0 0 
0.269085 -0.098860 0 0 
-0.062651 0.071873 0 0 
-0.028158 0.240992 0 0 
-0.148562 0.141287 0 0 
0.147374 0.122349 0 0 
-0.010644 -0.039451 0 0 
-0.039612 -0.009634 0 0 
0.214320 0.138848 0 0 
-0.060064 0.108037 0 0 
0.051095 -0.125019 0 0 
0.121674 -0.042045 0 0 
0.090970 0.113904 0 0 
0.173087 -0.059176 0 0 
0.372923 -0.040091 0 0 
0.308855 -0.038958 0 0 
0.145918 0.266700 0 0 
0.096590 0.012948 0 0 
0.189201 0.130782 0 0 
0.241823 -0.108003 0 0 
0.234889 0.117451 0 0 
0.132227 0.061116 0 0 
0.099378 0.208749 0 0 
0.084095 0.247558 0 0 
0.232617 -0.029849 0 0 
0.013323 0.120967 0 0 
0.101524 0.222858 0 0 
-0.076810 -0.001790 0 0 
-0.007552 0.039406 0 0 
-0.012519 -0.016874 0 0 
-0.039575 0.087182 0 0 
0.186333 -0.003038 0 0 
0.068124 0.191600 0 0 
0.384057 0.532683 1 1 
0.463360 0.331348 1 1 
0.637860 0.375146 1 1 
0.519393 0.591932 1 1 
0.425049 0.554341 1 1 
0.537620 0.643192 1 1 
0.514126 0.392880 1 1 
0.261798 0.618834 1 1 
0.410867 0.315404 1 1 
0.395344 0.520360 1 1 
0.482627 0.695948 1 1 
0.348010 0.249554 1 1 
0.446276 0.479793 1 1 
0.300026 0.599247 1 1 
0.628044 0.406428 1 1 
0.594302 0.513735 1 1 
0.647978 0.588979 1 1 
0.448632 0.421965 1 1 
0.470233 0.504638 1 1 
0.485293 0.439493 1 1 
0.466140 0.551845 1 1 
0.453073 0.487065 1 1 
0.750611 0.510950 1 1 
0.482938 0.524756 1 1 
0.435249 0.418093 1 1 
0.572491 0.474874 1 1 
0.535357 0.460667 1 1 
0.536687 0.386367 1 1 
0.537076 0.347040 1 1 
0.613173 0.326636 1 1 
0.600112 0.471842 1 1 
0.562299 0.517354 1 1 
0.260379 0.316442 1 1 
0.601061 0.507353 1 1 
0.259008 0.377512 1 1 
0.592777 0.473044 1 1 
0.469282 0.460515 1 1 
0.639379 0.526467 1 1 
0.391240 0.522908 1 1 
0.412591 0.643494 1 1 
0.590789 0.735195 1 1 
0.689355 0.521629 1 1 
0.725505 0.322937 1 1 
0.424323 0.508741 1 1 
0.601080 0.528808 1 1 
0.377080 0.632031 1 1 
0.674562 0.931432 1 1 
0.654016 0.542731 1 1 
0.562018 0.553399 1 1 
0.701271 0.291740 1 1 
0.518337 0.397750 1 1 
0.441526 0.454703 1 1 
0.428396 0.640347 1 1 
0.602122 0.551820 1 1 
0.581834 0.505495 1 1 
0.630923 0.408032 1 1 
0.428233 0.297527 1 1 
0.496950 0.548750 1 1 
0.491046 0.376908 1 1 
0.487346 0.592000 1 1 
0.977097 0.933585 0 0 
0.923442 0.789187 0 0 
1.087619 0.965718 0 0 
0.970991 0.921616 0 0 
1.066586 0.745299 0 0 
0.930130 0.861023 0 0 
0.897661 0.790355 0 0 
1.030256 0.973908 0 0 
1.128659 1.054133 0 0 
1.051500 0.725375 0 0 
0.668405 0.793344 0 0 
0.869221 0.982062 0 0 
0.824363 0.719293 0 0 
0.977982 0.798572 0 0 
0.843383 1.046492 0 0 
0.963785 1.135976 0 0 
0.918107 0.732538 0 0 
0.888919 0.888454 0 0 
0.931030 0.831179 0 0 
1.006103 0.891665 0 0 
0.815681 0.842974 0 0 
0.856021 0.954946 0 0 
0.843584 1.066851 0 0 
0.768471 0.980105 0 0 
0.765675 0.806919 0 0 
0.707458 0.898356 0 0 
1.119713 0.960764 0 0 
0.829213 0.933525 0 0 
0.832376 0.967182 0 0 
1.006929 1.057781 0 0 
0.811651 0.956071 0 0 
1.059609 0.961230 0 0 
0.763749 1.077135 0 0 
1.004155 0.898628 0 0 
0.754233 1.071991 0 0 
0.914095 0.885003 0 0 
0.916792 0.868375 0 0 
0.838871 1.097445 0 0 
0.779120 0.689406 0 0 
0.802047 0.883937 0 0 
1.095551 0.884477 0 0 
0.609418 1.039773 0 0 
1.062857 0.627356 0 0 
0.904249 0.833723 0 0 
1.032773 1.065030 0 0 
0.939991 0.869155 0 0 
0.876616 1.028800 0 0 
0.895207 0.863343 0 0 
0.826949 0.811338 0 0 
0.932309 0.809738 0 0 
0.802297 0.491493 0 0 
1.002979 0.872694 0 0 
1.008931 0.823214 0 0 
0.804444 0.726435 0 0 
1.024796 0.873955 0 0 
1.007898 0.711817 0 0 
0.906178 0.936070 0 0 
1.095854 0.881464 0 0 
1.108811 1.095470 0 0 
0.888501 0.991405 0 0 
