0 0 1.258049e-01 -1.323083e-01
1 0 8.523095e-03 1.904811e-01
2 0 1.382550e-01 2.004538e-01
3 0 -5.782097e-02 1.962465e-01
4 0 -9.747490e-02 1.624278e-01
5 0 2.215468e-01 4.144486e-02
6 0 -6.473440e-02 9.925707e-02
7 0 -1.529716e-01 8.747695e-02
8 0 1.185325e-01 7.636839e-02
9 0 6.610247e-02 8.817761e-02
10 0 1.698919e-01 1.034979e-01
11 0 1.701625e-01 2.306991e-01
12 0 1.210223e-01 3.511487e-02
13 0 1.128322e-01 9.659006e-02
14 0 -3.713189e-02 1.731339e-01
15 0 7.830815e-02 8.744301e-02
16 0 -1.114944e-01 4.303622e-02
17 0 1.219887e-01 7.330155e-02
18 0 9.089933e-02 1.940299e-01
19 0 2.876329e-01 5.195890e-02
20 0 1.330030e-01 7.668967e-03
21 0 1.456511e-01 1.363597e-01
22 0 2.849756e-01 9.640288e-02
23 0 8.177916e-02 2.170415e-01
24 0 3.888343e-02 7.066003e-02
25 0 7.572316e-02 3.030795e-02
26 0 6.541497e-02 2.206714e-01
27 0 4.217817e-02 1.270797e-01
28 0 2.690852e-01 -9.885962e-02
29 0 -6.265131e-02 7.187313e-02
30 0 -2.815833e-02 2.409916e-01
31 0 -1.485619e-01 1.412866e-01
32 0 1.473738e-01 1.223489e-01
33 0 -1.064359e-02 -3.945147e-02
34 0 -3.961246e-02 -9.634324e-03
35 0 2.143197e-01 1.388484e-01
36 0 -6.006353e-02 1.080366e-01
37 0 5.109484e-02 -1.250189e-01
38 0 1.216736e-01 -4.204500e-02
39 0 9.096985e-02 1.139042e-01
40 0 1.730874e-01 -5.917636e-02
41 0 3.729231e-01 -4.009086e-02
42 0 3.088551e-01 -3.895753e-02
43 0 1.459175e-01 2.666996e-01
44 0 9.659041e-02 1.294808e-02
45 0 1.892009e-01 1.307820e-01
46 0 2.418230e-01 -1.080027e-01
47 0 2.348888e-01 1.174511e-01
48 0 1.322271e-01 6.111578e-02
49 0 9.937841e-02 2.087488e-01
50 0 8.409549e-02 2.475576e-01
51 0 2.326167e-01 -2.984864e-02
52 0 1.332253e-02 1.209670e-01
53 0 1.015243e-01 2.228585e-01
54 0 -7.681018e-02 -1.790406e-03
55 0 -7.552085e-03 3.940623e-02
56 0 -1.251929e-02 -1.687431e-02
57 0 -3.957504e-02 8.718175e-02
58 0 1.863327e-01 -3.038021e-03
59 0 6.812415e-02 1.916004e-01
60 1 3.840566e-01 5.326827e-01
61 1 4.633601e-01 3.313476e-01
62 1 6.378603e-01 3.751457e-01
63 1 5.193925e-01 5.919323e-01
64 1 4.250488e-01 5.543414e-01
65 1 5.376205e-01 6.431924e-01
66 1 5.141261e-01 3.928804e-01
67 1 2.617982e-01 6.188337e-01
68 1 4.108669e-01 3.154042e-01
69 1 3.953438e-01 5.203604e-01
70 1 4.826269e-01 6.959485e-01
71 1 3.480096e-01 2.495540e-01
72 1 4.462758e-01 4.797931e-01
73 1 3.000259e-01 5.992466e-01
74 1 6.280441e-01 4.064280e-01
75 1 5.943018e-01 5.137351e-01
76 1 6.479781e-01 5.889788e-01
77 1 4.486316e-01 4.219649e-01
78 1 4.702329e-01 5.046378e-01
79 1 4.852931e-01 4.394929e-01
80 1 4.661397e-01 5.518454e-01
81 1 4.530726e-01 4.870651e-01
82 1 7.506107e-01 5.109499e-01
83 1 4.829382e-01 5.247558e-01
84 1 4.352487e-01 4.180928e-01
85 1 5.724911e-01 4.748741e-01
86 1 5.353571e-01 4.606672e-01
87 1 5.366872e-01 3.863673e-01
88 1 5.370762e-01 3.470401e-01
89 1 6.131727e-01 3.266358e-01
90 1 6.001117e-01 4.718415e-01
91 1 5.622994e-01 5.173542e-01
92 1 2.603791e-01 3.164423e-01
93 1 6.010612e-01 5.073526e-01
94 1 2.590076e-01 3.775123e-01
95 1 5.927775e-01 4.730438e-01
96 1 4.692817e-01 4.605154e-01
97 1 6.393791e-01 5.264673e-01
98 1 3.912402e-01 5.229082e-01
99 1 4.125909e-01 6.434943e-01
100 1 5.907891e-01 7.351949e-01
101 1 6.893554e-01 5.216293e-01
102 1 7.255049e-01 3.229374e-01
103 1 4.243228e-01 5.087413e-01
104 1 6.010799e-01 5.288076e-01
105 1 3.770796e-01 6.320307e-01
106 1 6.745622e-01 9.314325e-01
107 1 6.540163e-01 5.427309e-01
108 1 5.620184e-01 5.533991e-01
109 1 7.012707e-01 2.917398e-01
110 1 5.183373e-01 3.977498e-01
111 1 4.415258e-01 4.547034e-01
112 1 4.283961e-01 6.403472e-01
113 1 6.021219e-01 5.518196e-01
114 1 5.818337e-01 5.054955e-01
115 1 6.309229e-01 4.080321e-01
116 1 4.282330e-01 2.975273e-01
117 1 4.969499e-01 5.487499e-01
118 1 4.910460e-01 3.769081e-01
119 1 4.873462e-01 5.919999e-01
120 0 9.770972e-01 9.335850e-01
121 0 9.234422e-01 7.891874e-01
122 0 1.087619e+00 9.657184e-01
123 0 9.709906e-01 9.216155e-01
124 0 1.066586e+00 7.452992e-01
125 0 9.301305e-01 8.610227e-01
126 0 8.976612e-01 7.903553e-01
127 0 1.030256e+00 9.739075e-01
128 0 1.128659e+00 1.054133e+00
129 0 1.051500e+00 7.253753e-01
130 0 6.684046e-01 7.933444e-01
131 0 8.692214e-01 9.820617e-01
132 0 8.243628e-01 7.192926e-01
133 0 9.779825e-01 7.985724e-01
134 0 8.433834e-01 1.046492e+00
135 0 9.637855e-01 1.135976e+00
136 0 9.181069e-01 7.325377e-01
137 0 8.889194e-01 8.884535e-01
138 0 9.310303e-01 8.311791e-01
139 0 1.006103e+00 8.916655e-01
140 0 8.156815e-01 8.429740e-01
141 0 8.560206e-01 9.549460e-01
142 0 8.435839e-01 1.066851e+00
143 0 7.684707e-01 9.801050e-01
144 0 7.656745e-01 8.069190e-01
145 0 7.074580e-01 8.983559e-01
146 0 1.119713e+00 9.607639e-01
147 0 8.292129e-01 9.335250e-01
148 0 8.323757e-01 9.671819e-01
149 0 1.006929e+00 1.057781e+00
150 0 8.116512e-01 9.560706e-01
151 0 1.059609e+00 9.612304e-01
152 0 7.637494e-01 1.077135e+00
153 0 1.004155e+00 8.986276e-01
154 0 7.542329e-01 1.071991e+00
155 0 9.140955e-01 8.850031e-01
156 0 9.167923e-01 8.683745e-01
157 0 8.388714e-01 1.097445e+00
158 0 7.791204e-01 6.894059e-01
159 0 8.020468e-01 8.839365e-01
160 0 1.095551e+00 8.844774e-01
161 0 6.094180e-01 1.039773e+00
162 0 1.062857e+00 6.273562e-01
163 0 9.042485e-01 8.337233e-01
164 0 1.032773e+00 1.065030e+00
165 0 9.399914e-01 8.691554e-01
166 0 8.766156e-01 1.028800e+00
167 0 8.952069e-01 8.633434e-01
168 0 8.269489e-01 8.113385e-01
169 0 9.323088e-01 8.097378e-01
170 0 8.022973e-01 4.914928e-01
171 0 1.002979e+00 8.726940e-01
172 0 1.008931e+00 8.232135e-01
173 0 8.044441e-01 7.264349e-01
174 0 1.024796e+00 8.739546e-01
175 0 1.007898e+00 7.118168e-01
176 0 9.061782e-01 9.360701e-01
177 0 1.095854e+00 8.814643e-01
178 0 1.108811e+00 1.095470e+00
179 0 8.885006e-01 9.914052e-01
