0 0 2.094454e-01 4.021806e-01
1 0 2.313962e-03 3.103384e-01
2 0 4.309488e-01 4.041580e-01
3 0 1.888465e-01 6.016597e-01
4 0 5.640026e-02 -1.192243e-01
5 0 3.006189e-01 -1.623887e-01
6 0 5.664448e-01 4.208214e-01
7 0 3.624099e-01 6.271327e-02
8 0 2.393217e-01 1.721997e-01
9 0 8.149318e-02 2.384794e-01
10 0 -6.376091e-02 4.093905e-01
11 0 4.215070e-01 4.825383e-01
12 0 -1.523398e-01 -2.458101e-01
13 0 4.834563e-01 3.440954e-02
14 0 3.288566e-01 7.817545e-02
15 0 1.923272e-01 9.963987e-02
16 0 -3.314992e-01 4.990410e-03
17 0 5.642592e-01 -2.388702e-01
18 0 8.978697e-02 3.785253e-02
19 0 8.307387e-01 4.682437e-01
20 0 -2.031337e-01 2.435086e-01
21 0 3.164376e-01 7.703364e-02
22 0 -9.690155e-03 7.545430e-02
23 0 -1.909287e-02 1.673250e-01
24 0 -2.017334e-01 2.554222e-01
25 0 5.777009e-01 -3.865060e-01
26 0 2.042426e-01 1.390914e-01
27 0 3.171904e-01 2.617484e-01
28 0 -1.792338e-01 1.230597e-01
29 0 3.275301e-01 3.559203e-01
30 0 3.165775e-01 -1.715405e-01
31 0 7.569495e-02 2.785399e-01
32 0 6.918086e-01 2.356212e-01
33 0 7.045554e-01 2.905646e-01
34 0 -8.383662e-03 3.648546e-01
35 0 9.204633e-01 8.712975e-02
36 0 3.377590e-01 1.845630e-01
37 0 3.433662e-02 2.271938e-01
38 0 -5.756249e-02 4.323081e-01
39 0 5.281878e-01 -3.963324e-01
40 0 3.420349e-01 3.392048e-01
41 0 3.961768e-01 7.073059e-03
42 0 1.037870e-01 1.212777e-01
43 0 3.540115e-01 3.748727e-01
44 0 3.314174e-01 -3.184361e-01
45 0 -2.174233e-01 1.762867e-01
46 0 4.755283e-01 4.903055e-01
47 0 2.598008e-01 2.414650e-01
48 0 9.700996e-03 8.134229e-01
49 0 2.644671e-01 1.130178e-01
50 1 9.753823e-01 7.092216e-01
51 1 6.528061e-01 5.318276e-01
52 1 5.912272e-01 7.507395e-01
53 1 4.020790e-01 1.161257e+00
54 1 7.385995e-01 8.767564e-01
55 1 1.010262e+00 2.549173e-01
56 1 9.186534e-01 3.720413e-01
57 1 8.389049e-01 1.007186e+00
58 1 3.663689e-01 6.842734e-01
59 1 3.793328e-01 5.070526e-01
60 1 4.211792e-01 4.195310e-01
61 1 1.106611e+00 2.406900e-01
62 1 9.174743e-01 9.000918e-01
63 1 9.227752e-01 5.883937e-01
64 1 4.891014e-01 4.602784e-01
65 1 8.723958e-01 1.002037e+00
66 1 5.359021e-01 9.617430e-01
67 1 5.880588e-01 7.762996e-01
68 1 8.936835e-01 8.083701e-01
69 1 7.938445e-01 5.757792e-01
70 1 1.198380e+00 7.854866e-01
71 1 6.809919e-01 4.627123e-01
72 1 7.161367e-01 9.305343e-01
73 1 7.409225e-01 8.804697e-01
74 1 7.549413e-01 9.468598e-01
75 1 8.828416e-01 8.546062e-01
76 1 9.048788e-01 7.210883e-01
77 1 6.851576e-01 6.836334e-01
78 1 4.924372e-01 1.383042e-01
79 1 4.021782e-01 7.118571e-01
80 1 1.006656e+00 1.123723e+00
81 1 9.778423e-01 6.334236e-01
82 1 4.329879e-01 6.318476e-01
83 1 4.130353e-01 9.782508e-01
84 1 7.772781e-01 1.043240e+00
85 1 1.259974e+00 5.623471e-01
86 1 9.368374e-01 2.845106e-01
87 1 9.937854e-01 8.784426e-01
88 1 1.470351e-01 4.851284e-01
89 1 1.102360e+00 4.829197e-01
90 1 8.195200e-01 9.309681e-01
91 1 3.326536e-01 -1.866061e-01
92 1 1.301244e+00 5.947951e-01
93 1 7.523692e-01 1.209483e+00
94 1 8.658234e-01 4.926016e-01
95 1 9.629952e-01 6.992707e-01
96 1 6.798640e-01 7.670734e-01
97 1 6.033146e-01 7.485034e-01
98 1 5.568672e-01 1.574363e+00
99 1 6.634320e-01 6.493236e-01
