558 554
566 561
573 568
578 576
582 585
585 595
586 605
586 615
584 625
580 634
575 643
568 650
560 656
550 658
540 657
532 652
525 645
521 636
520 626
520 616
522 606
524 596
528 587
533 578
538 570
545 562
553 556
562 551
571 548
581 546
591 545
601 546
611 549
620 553
628 559
635 565
641 573
646 582
649 592
652 601
652 611
651 621
649 631
645 640
640 649
634 657
626 663
618 668
608 672
599 674
589 673
579 670
571 664
564 657
559 648
555 639
553 629
552 619
553 609
554 599
557 590
561 581
566 572
572 564
580 558
588 553
597 549
607 546
617 545
627 546
637 548
646 551
655 556
662 563
668 571
672 580
676 590
678 600
678 610
677 620
674 629
670 638
665 647
658 654
651 661
642 666
633 670
623 672
613 672
603 670
594 667
585 661
578 654
573 646
569 637
566 627
565 617
564 607
565 597
567 587
571 578
576 569
582 561
589 554
597 549
606 544
616 541
625 540
635 540
645 542
655 545
664 550
671 556
677 564
680 574
682 584
682 594
681 603
679 613
675 622
670 631
663 638
656 645
647 650
638 654
628 657
618 657
608 656
599 653
590 648
583 641
577 633
572 624
569 614
567 605
566 595
567 585
568 575
572 565
576 556
582 548
588 541
596 535
605 530
614 526
624 524
634 524
644 525
654 528
663 532
671 538
678 545
683 554
685 564
686 574
685 584
684 593
681 603
676 612
671 620
664 628
656 634
647 639
638 642
628 644
618 644
608 642
599 639
591 633
584 626
578 618
574 609
571 599
569 590
568 580
569 570
571 560
574 550
579 542
584 533
592 526
600 521
608 516
618 513
628 511
638 511
648 512
657 515
666 520
674 526
681 533
686 541
689 551
689 561
687 571
684 581
680 590
674 598
667 605
660 612
651 616
642 620
632 622
622 623
612 621
602 618
594 613
587 606
581 598
576 589
573 579
571 570
570 560
570 550
572 540
575 530
579 521
585 513
591 506
599 500
608 495
617 491
627 489
637 489
647 490
657 492
666 496
674 502
682 509
688 517
692 525
694 535
694 545
692 555
688 564
684 573
678 582
672 589
664 595
655 600
646 604
636 606
626 607
616 605
607 602
598 597
590 590
584 583
579 574
576 564
573 555
572 545
572 535
574 525
576 515
581 506
586 498
593 490
600 484
609 479
618 475
628 473
638 472
648 473
658 475
667 479
676 484
683 491
690 498
695 507
698 516
699 526
697 536
694 546
690 555
685 563
678 571
671 577
662 583
653 587
644 589
634 590
624 590
614 587
605 583
597 577
590 570
585 561
580 552
577 543
575 533
575 523
575 513
577 503
581 494
586 485
592 477
599 470
607 464
616 460
625 457
635 455
645 455
655 457
665 460
674 464
682 470
689 477
695 485
700 494
703 503
703 513
702 523
699 533
694 542
689 550
682 557
675 564
666 569
657 573
647 576
637 576
627 576
618 573
609 569
601 563
594 556
588 547
584 538
580 529
578 519
578 509
578 499
580 489
584 480
588 471
594 463
601 456
609 450
618 446
628 443
638 441
648 441
658 442
667 445
676 450
684 455
692 462
698 470
703 479
706 488
707 498
707 508
704 518
699 527
694 535
687 542
679 549
671 554
662 558
652 561
642 562
632 561
623 559
613 555
605 549
598 542
592 534
587 525
584 516
581 506
580 496
581 486
582 477
585 467
590 458
595 450
602 443
610 437
619 432
628 428
638 426
648 426
658 427
668 430
677 434
685 439
693 446
699 453
704 462
708 471
710 481
711 491
709 501
705 510
701 519
695 527
688 535
681 541
672 546
663 550
653 552
643 553
633 553
624 550
614 546
606 540
599 533
593 525
589 516
585 507
583 497
582 487
582 477
584 467
587 458
592 449
597 441
604 433
612 427
621 423
631 419
640 418
650 417
660 418
670 421
679 425
687 431
695 438
701 445
706 454
710 463
712 473
712 483
711 493
707 502
703 511
697 520
691 527
683 534
675 539
665 543
656 545
646 546
636 545
626 543
617 539
609 533
601 526
595 518
591 510
587 500
584 491
583 481
583 471
585 461
588 451
592 442
598 434
605 427
613 421
621 416
631 412
641 410
651 410
661 411
670 413
679 417
688 423
695 429
702 437
707 446
711 455
713 465
714 474
713 484
710 494
705 503
699 511
693 518
685 525
676 530
667 534
657 536
647 537
637 536
628 533
618 529
610 523
603 516
597 508
592 499
589 490
586 480
585 471
585 461
587 451
590 441
594 432
600 424
607 417
615 411
624 406
633 402
643 401
653 400
663 401
672 404
682 408
690 413
697 420
704 428
709 436
713 446
715 455
716 465
715 475
712 485
707 494
702 502
695 510
688 516
679 522
670 526
661 528
651 530
641 529
631 527
622 523
613 518
606 512
599 504
594 495
590 486
587 477
586 467
585 457
587 447
589 437
593 428
599 419
605 412
613 405
621 400
630 396
640 394
650 393
660 394
670 396
679 400
688 405
696 411
702 418
708 427
712 436
715 445
716 455
716 465
714 475
710 484
705 493
699 501
692 508
684 514
675 519
666 522
656 524
646 524
636 522
626 519
617 515
609 509
603 501
597 493
592 484
589 475
587 465
586 455
587 445
589 435
592 426
597 417
603 409
610 402
618 397
627 392
637 389
647 388
657 388
667 389
676 392
685 397
693 402
700 409
706 417
711 426
715 436
716 445
717 455
715 465
713 475
708 484
703 492
696 500
689 506
681 512
671 516
662 519
652 520
642 519
632 517
623 514
614 509
607 502
600 494
595 486
591 477
588 467
586 457
586 447
587 437
590 428
594 418
599 410
605 402
613 396
622 391
631 387
640 384
650 383
660 384
670 386
680 390
688 394
696 401
703 408
708 416
713 425
715 435
717 445
716 455
715 465
711 474
707 483
701 491
694 498
686 504
677 509
668 512
658 514
648 515
638 514
628 511
619 506
611 500
604 493
598 485
594 476
590 467
588 457
587 447
587 437
589 427
592 418
597 409
603 401
610 394
618 388
627 383
636 380
646 379
656 378
666 380
676 383
685 387
693 393
700 399
707 407
711 416
715 425
717 435
718 445
717 455
714 465
710 474
705 482
698 490
691 497
682 502
673 506
663 509
653 510
643 510
634 508
624 504
616 499
608 492
602 485
596 476
592 467
589 458
588 448
587 438
588 428
591 418
595 409
600 400
606 393
614 386
622 381
631 377
641 374
651 373
661 374
671 376
680 379
689 384
697 391
704 398
709 406
714 415
716 425
718 435
718 445
716 454
713 464
708 473
702 481
695 488
687 494
679 499
669 503
660 504
650 505
640 504
630 501
621 497
613 491
606 484
600 476
595 467
591 458
589 448
588 438
588 428
590 418
593 409
598 400
603 392
610 384
618 378
627 374
637 370
647 369
657 368
666 370
676 372
685 377
694 382
701 389
707 397
712 405
716 415
718 424
719 434
718 444
715 454
711 463
706 472
700 480
692 486
684 492
675 496
665 499
655 500
645 500
636 498
626 494
618 489
610 483
603 475
598 467
594 458
591 448
589 438
588 428
589 418
592 409
595 399
600 391
607 383
614 377
623 371
632 367
641 364
651 363
661 364
671 366
681 369
689 374
697 380
704 387
710 395
714 404
717 414
719 424
719 434
717 444
714 453
710 462
704 470
697 478
689 484
680 489
671 492
661 494
651 495
641 494
632 491
623 487
614 481
607 474
601 467
596 458
592 449
590 439
589 429
589 419
590 409
593 400
598 391
603 382
610 375
618 369
627 364
636 361
646 359
656 358
666 359
676 362
685 366
693 371
701 378
707 386
712 394
716 404
718 413
719 423
718 433
716 443
712 452
707 461
701 469
694 475
685 481
676 485
667 488
657 489
647 489
637 487
627 484
619 479
611 472
604 465
599 457
595 448
591 438
590 428
589 418
590 408
592 399
596 389
601 381
607 373
615 366
623 361
632 357
642 354
652 353
662 353
671 355
681 358
690 363
698 369
705 376
710 384
715 393
718 403
719 413
719 423
718 432
715 442
711 451
705 459
698 466
690 473
681 477
672 481
662 483
652 484
642 483
633 480
624 476
615 470
608 463
602 455
597 447
593 437
591 428
589 418
590 408
591 398
594 388
598 379
604 371
611 364
619 358
628 353
637 349
647 347
657 347
667 348
676 351
686 355
694 360
701 367
708 374
713 383
717 392
719 402
720 412
719 422
717 432
713 441
708 450
702 457
694 464
686 469
677 474
667 476
657 477
647 477
638 475
628 472
620 467
612 460
605 453
600 445
595 436
592 426
590 416
590 406
591 396
593 387
597 377
602 369
608 361
616 354
624 349
633 345
643 342
653 341
663 341
673 343
682 346
691 351
699 357
706 365
711 373
716 382
719 391
720 401
720 411
719 421
716 430
711 439
706 448
699 455
691 461
682 466
672 469
663 471
653 471
643 470
633 467
624 463
616 457
609 450
603 442
598 434
594 424
592 415
590 405
590 395
592 385
595 375
600 367
605 358
612 351
620 345
629 340
638 337
648 335
658 335
668 336
678 338
687 343
695 348
703 355
709 362
714 371
718 380
720 390
721 400
720 410
718 420
714 429
709 438
702 445
695 452
686 457
677 461
668 464
658 465
648 465
638 463
629 459
620 454
612 447
606 440
600 432
596 423
593 413
591 403
591 393
592 383
594 373
598 364
603 356
609 348
617 341
625 336
634 332
644 329
654 328
664 329
674 331
683 334
692 339
700 345
707 352
712 361
717 370
720 379
721 389
721 399
719 409
716 419
712 427
706 436
699 443
691 449
682 453
673 457
663 458
653 459
643 457
633 455
624 450
616 444
609 437
603 429
598 421
595 411
592 402
591 392
591 382
593 372
596 362
600 353
606 345
613 338
621 332
630 327
640 324
649 322
659 322
669 323
679 326
688 330
696 336
704 342
710 350
715 359
719 368
721 378
721 388
721 398
718 408
714 417
709 425
703 433
695 439
687 445
678 449
668 451
658 452
648 452
638 450
629 446
620 441
613 434
606 427
601 418
596 409
593 400
592 390
591 380
592 370
595 360
598 351
604 343
610 335
618 328
626 323
635 319
645 317
655 316
665 316
675 318
684 322
693 327
701 333
707 340
713 348
717 357
720 367
722 377
721 387
720 397
717 406
712 415
706 423
699 430
691 436
682 441
673 444
663 446
653 446
643 445
633 442
624 437
616 431
609 424
603 416
598 408
595 398
592 389
591 379
592 369
593 359
596 349
601 340
607 332
614 325
622 319
631 315
640 311
650 310
660 309
670 311
680 313
689 318
697 323
704 330
711 338
716 346
719 356
721 365
722 375
721 385
718 395
715 404
709 413
703 420
695 427
687 432
678 436
668 439
658 440
648 439
638 437
629 433
620 428
613 421
606 414
601 406
597 396
594 387
592 377
591 367
592 357
595 347
599 338
604 330
611 322
618 316
627 310
636 306
645 304
655 303
665 303
675 305
685 309
693 314
701 320
708 328
713 336
718 345
721 354
722 364
722 374
720 384
717 394
712 403
706 411
699 418
691 424
682 428
673 431
663 433
653 433
643 432
633 429
625 424
616 419
609 411
603 403
599 395
595 385
593 376
591 366
592 356
594 346
597 336
601 327
607 319
614 312
622 306
631 302
641 299
650 297
660 297
670 298
680 301
689 305
697 311
705 317
711 325
716 334
719 343
721 353
722 363
721 373
719 383
715 392
709 400
703 408
695 414
687 420
678 424
668 426
658 427
648 426
638 424
629 420
620 415
613 409
606 401
601 393
597 384
594 374
592 364
592 354
593 344
595 335
599 325
604 317
611 309
618 303
627 297
636 294
646 291
656 290
666 291
675 293
685 296
693 301
701 308
708 315
714 323
718 332
721 342
722 352
722 362
720 372
717 381
712 390
706 398
699 405
691 411
682 415
673 419
663 420
653 420
643 419
633 416
624 412
616 406
609 399
603 391
599 382
595 372
593 363
592 353
592 343
594 333
597 324
601 315
607 307
614 299
622 294
631 289
641 286
651 284
661 284
671 285
680 288
689 292
698 298
705 305
711 313
716 321
720 331
722 340
722 350
721 360
719 370
715 379
709 388
703 395
695 402
687 407
678 411
668 413
658 414
648 414
638 411
629 408
620 402
613 396
606 388
601 380
597 371
594 361
592 351
592 341
593 331
595 322
599 313
604 304
611 296
619 290
627 285
636 281
646 278
656 277
666 278
676 280
685 284
694 289
701 295
708 302
714 311
718 320
721 329
722 339
722 349
720 359
717 368
712 377
706 385
699 392
691 398
682 403
673 406
663 408
653 408
643 406
633 403
624 399
616 393
609 386
603 378
599 369
595 360
593 350
592 340
592 330
594 320
597 311
602 302
608 294
615 287
623 281
632 276
641 273
651 271
661 271
671 273
680 275
689 280
698 285
705 292
711 300
716 309
720 318
722 328
722 338
721 348
719 357
715 367
709 375
703 383
695 389
687 394
677 398
668 401
658 402
648 401
638 399
629 395
620 390
613 383
606 375
601 367
597 358
594 348
592 339
592 329
593 319
595 309
599 300
605 291
611 284
619 277
627 272
636 268
646 266
656 265
666 265
676 268
685 271
694 276
702 282
708 290
714 298
718 307
721 317
722 327
722 337
720 346
717 356
712 365
706 373
699 380
691 386
682 390
673 393
663 395
653 395
643 394
633 391
624 386
616 380
609 373
603 365
599 356
595 347
593 337
592 327
592 317
594 307
597 298
602 289
608 281
615 274
623 268
632 263
641 260
651 259
661 258
671 260
681 263
690 267
698 273
705 280
711 287
716 296
720 305
722 315
722 325
721 335
719 345
715 354
709 363
703 370
695 376
687 382
677 386
668 388
658 389
648 388
638 386
629 382
620 377
613 370
606 363
601 354
597 345
594 336
592 326
592 316
593 306
595 296
599 287
605 278
611 271
619 264
627 259
637 255
646 253
656 252
666 253
676 255
685 258
694 263
702 270
708 277
714 285
718 294
721 304
722 314
722 324
720 334
717 343
712 352
706 360
699 367
691 373
682 378
673 381
663 382
653 382
643 381
633 378
624 373
616 367
609 360
603 352
599 343
595 334
593 324
592 314
592 304
594 295
597 285
602 276
608 268
615 261
623 255
632 251
641 248
651 246
661 246
671 247
681 250
690 254
698 260
705 267
711 275
716 283
720 293
722 303
722 313
721 323
719 332
715 341
709 350
703 357
695 364
687 369
677 373
668 375
658 376
648 375
638 373
629 369
620 364
613 358
606 350
601 341
597 332
594 323
592 313
592 303
593 293
595 283
599 274
605 266
611 258
619 252
627 246
637 243
646 240
656 239
666 240
676 242
685 246
694 251
702 257
709 264
714 273
718 282
721 292
722 301
722 311
720 321
717 331
712 340
706 348
699 355
691 360
682 365
672 368
663 370
653 370
643 368
633 365
624 361
616 355
609 347
603 339
599 331
595 321
593 312
592 302
592 292
594 282
597 272
602 263
608 255
615 248
623 243
632 238
641 235
651 233
661 233
671 235
681 237
690 242
698 247
705 254
711 262
716 271
720 280
722 290
722 300
721 310
719 320
715 329
709 337
703 345
695 351
686 356
677 360
668 363
658 363
648 363
638 360
629 357
620 351
613 345
606 337
601 329
597 320
594 310
592 300
592 290
593 280
595 271
599 261
605 253
611 245
619 239
627 234
637 230
646 228
656 227
666 227
676 229
685 233
694 238
702 244
709 252
714 260
718 269
721 279
722 289
722 299
720 309
717 318
712 327
706 335
699 342
691 348
682 352
672 355
663 357
653 357
643 356
633 352
624 348
616 342
609 335
603 327
599 318
595 309
593 299
592 289
592 279
594 269
597 260
602 251
608 243
615 236
623 230
632 225
641 222
651 221
661 220
671 222
681 225
690 229
698 235
705 242
711 250
716 258
720 268
722 277
722 287
721 297
719 307
715 316
709 325
703 332
695 339
686 344
677 348
667 350
658 351
648 350
638 348
629 344
620 339
613 332
606 324
601 316
597 307
594 297
592 287
592 277
593 268
595 258
599 249
605 240
611 233
619 226
628 221
637 217
646 215
656 214
666 215
676 217
685 220
694 226
702 232
709 239
714 248
718 257
721 266
722 276
722 286
720 296
717 305
712 314
706 322
699 329
691 335
682 340
672 343
662 344
652 344
643 343
633 340
624 335
616 329
609 322
603 314
598 305
595 296
593 286
592 276
592 266
594 256
597 247
602 238
608 230
615 223
623 217
632 213
641 210
651 208
661 208
671 209
681 212
690 216
698 222
705 229
711 237
716 246
720 255
722 265
722 275
721 285
719 294
715 304
709 312
703 320
695 326
686 331
677 335
667 337
657 338
647 337
638 335
629 331
620 326
613 319
606 312
601 303
597 294
594 285
592 275
592 265
593 255
595 245
599 236
605 228
611 220
619 214
628 208
637 205
647 202
656 201
666 202
676 204
686 208
694 213
702 219
709 227
714 235
718 244
721 254
722 264
722 274
720 283
717 293
712 302
706 310
699 317
691 322
682 327
672 330
662 332
652 332
643 330
633 327
624 323
616 317
609 309
603 301
598 292
595 283
593 273
592 263
592 253
594 244
597 234
602 225
608 217
615 210
623 204
632 200
642 197
651 195
661 195
671 197
681 199
690 204
698 210
705 216
711 224
716 233
720 242
722 252
722 262
721 272
719 282
715 291
709 299
703 307
695 313
686 318
677 322
667 325
657 325
647 325
638 322
628 319
620 313
613 307
606 299
601 291
597 281
594 272
592 262
592 252
593 242
595 232
599 223
605 215
611 207
619 201
628 196
637 192
647 190
657 189
667 189
676 192
686 195
694 200
702 207
709 214
714 222
718 231
721 241
722 251
722 261
720 271
717 280
712 289
706 297
699 304
691 310
682 314
672 317
662 319
652 319
642 317
633 314
624 310
616 304
609 297
603 289
598 280
595 270
593 261
592 251
592 241
594 231
597 221
602 213
608 205
615 198
623 192
632 187
642 184
651 183
661 182
671 184
681 187
690 191
698 197
705 204
712 212
716 220
720 230
722 240
722 250
721 259
719 269
715 278
709 287
703 294
695 301
686 306
677 310
667 312
657 313
647 312
638 310
628 306
620 301
612 294
606 286
601 278
597 269
594 259
592 249
592 239
593 229
595 220
599 211
605 202
611 195
619 188
628 183
637 179
647 177
657 176
667 177
676 179
686 183
694 188
702 194
709 201
714 210
718 219
721 228
722 238
722 248
720 258
717 268
712 276
706 284
699 291
691 297
682 302
672 305
662 306
652 306
642 305
633 302
624 297
616 291
609 284
603 276
598 267
595 258
593 248
592 238
592 228
594 218
597 209
602 200
608 192
615 185
623 179
632 175
642 171
651 170
661 170
671 171
681 174
690 179
698 184
705 191
712 199
716 208
720 217
722 227
722 237
721 247
719 257
715 266
709 274
703 282
695 288
686 293
677 297
667 299
657 300
647 299
638 297
628 293
620 288
612 281
606 274
601 265
597 256
594 247
592 237
592 227
593 217
595 207
599 198
605 189
611 182
619 175
628 170
637 167
647 164
657 163
667 164
676 166
686 170
694 175
702 181
709 189
714 197
718 206
721 216
722 226
722 236
720 246
717 255
712 264
706 272
699 279
691 284
682 289
672 292
662 294
652 294
642 292
633 289
624 284
616 278
609 271
603 263
598 254
595 245
593 235
592 225
592 215
594 206
597 196
602 187
608 179
615 172
623 166
632 162
642 159
652 157
662 157
671 159
681 162
690 166
698 172
705 178
712 186
716 195
720 205
722 214
722 224
721 234
719 244
715 253
709 261
703 269
695 275
686 281
677 284
667 287
657 287
647 287
638 284
628 281
620 275
612 269
606 261
601 252
597 243
594 234
592 224
592 214
593 204
595 194
600 185
605 177
611 169
619 163
628 158
637 154
647 151
657 151
667 151
676 154
686 157
694 162
702 169
709 176
714 184
718 194
721 203
722 213
722 223
720 233
717 242
712 251
706 259
699 266
691 272
682 276
672 279
662 281
652 281
642 279
633 276
624 272
616 266
609 259
603 250
598 242
595 232
593 223
592 213
592 203
594 193
597 183
602 175
608 167
615 160
623 154
632 149
642 146
652 145
662 144
671 146
681 149
690 153
698 159
705 166
712 174
716 182
720 192
722 202
722 212
721 222
719 231
714 240
709 249
702 256
695 263
686 268
677 272
667 274
657 275
647 274
638 272
628 268
620 263
612 256
606 248
601 240
596 231
594 221
592 211
592 201
593 191
596 182
600 172
605 164
612 157
619 150
628 145
637 141
647 139
657 138
667 139
676 141
686 144
694 150
702 156
709 163
714 172
718 181
721 190
722 200
722 210
720 220
717 230
712 238
706 246
699 253
691 259
682 264
672 267
662 268
652 268
643 267
633 264
624 259
616 253
609 246
603 238
599 229
595 220
593 210
592 200
592 190
594 180
597 171
602 162
608 154
615 147
623 141
632 136
642 133
651 132
661 131
671 133
681 135
690 140
698 145
706 152
712 160
717 169
720 178
722 188
723 198
722 208
720 217
716 227
710 235
704 243
696 249
688 254
679 258
669 261
659 262
649 261
639 259
630 255
621 250
614 244
607 236
602 228
597 219
594 209
593 199
592 189
593 179
596 170
600 160
605 152
611 144
619 138
627 132
636 128
646 126
656 124
666 125
676 126
685 130
694 134
702 140
709 148
715 156
719 165
723 174
724 184
724 194
723 204
720 213
715 222
710 231
703 238
695 244
686 249
677 252
667 254
657 255
647 254
637 251
628 247
620 241
613 234
607 227
601 218
597 209
595 199
593 189
593 179
595 169
598 160
602 151
608 142
614 135
622 129
631 124
640 120
650 118
660 117
670 117
680 119
689 123
698 128
705 134
712 141
718 149
722 158
725 168
726 178
726 188
725 198
721 207
717 216
711 224
704 231
696 237
687 242
677 245
668 247
658 247
648 246
638 243
629 238
621 233
614 226
608 218
603 209
599 200
596 190
595 180
595 170
597 161
600 151
604 142
610 134
617 127
625 121
634 116
643 112
653 109
663 108
673 109
682 111
692 114
700 119
708 125
715 133
721 141
725 150
728 159
730 169
730 179
728 189
725 199
720 208
715 216
708 223
700 229
691 234
681 237
671 239
661 239
651 238
642 235
633 231
625 225
617 218
611 210
606 202
602 193
599 183
598 173
598 163
599 153
602 144
606 135
612 127
619 119
627 113
635 108
645 104
654 101
664 100
674 100
684 102
693 105
702 109
711 115
718 122
724 130
729 139
732 148
734 158
734 168
733 178
730 188
726 197
720 205
714 213
706 219
697 224
688 228
678 230
668 231
658 230
649 227
639 224
631 218
623 212
617 204
611 196
607 187
603 178
602 168
601 158
602 148
605 138
609 129
614 121
621 113
629 107
637 102
647 98
656 95
666 94
676 94
686 95
696 98
705 102
713 107
720 114
727 122
732 131
735 140
738 150
738 160
737 170
735 179
731 188
726 197
719 205
712 211
703 216
694 220
684 223
674 224
664 223
655 221
645 218
637 213
629 207
622 200
616 191
611 182
608 173
606 163
606 153
606 143
609 134
613 124
618 116
625 109
633 103
642 97
651 94
660 91
670 90
680 89
690 91
700 94
709 98
717 103
725 110
731 118
736 127
739 136
742 146
742 156
741 166
739 175
735 185
730 193
723 201
716 207
707 213
698 216
688 219
678 220
668 219
659 217
649 214
641 209
633 203
626 195
620 187
616 178
612 169
610 159
610 149
611 139
614 129
618 120
624 112
631 105
639 99
648 94
657 91
667 88
677 87
687 88
697 89
706 92
715 97
723 103
730 110
736 118
741 126
744 136
746 146
746 156
745 166
742 175
738 184
733 193
726 200
718 206
710 211
700 215
691 217
681 218
671 217
661 215
652 211
643 206
635 199
629 192
623 183
619 174
616 165
615 155
615 145
616 135
620 125
625 117
631 109
638 102
647 97
655 92
665 89
675 87
685 86
695 87
704 89
714 93
723 98
730 104
737 111
743 119
747 129
750 138
751 148
751 158
749 168
746 177
742 186
736 194
729 201
721 207
712 212
702 215
692 217
682 217
672 216
663 213
654 208
646 203
638 196
632 188
627 180
623 170
621 161
620 151
621 141
623 131
627 122
632 113
639 106
647 100
655 95
665 91
674 88
684 87
694 87
704 88
714 91
723 95
731 100
739 107
745 115
750 123
754 133
756 143
756 153
756 162
753 172
749 181
744 190
738 198
730 204
722 210
713 214
703 216
693 217
683 217
673 215
664 211
655 206
647 200
640 193
635 185
630 176
627 166
626 156
626 146
627 136
630 127
635 118
641 110
648 103
657 98
666 93
675 90
685 88
695 87
705 88
714 90
724 93
733 98
741 104
747 111
753 120
758 129
760 138
762 148
762 158
760 168
757 177
753 186
747 194
740 202
732 208
723 212
714 216
704 217
694 218
684 216
674 214
665 210
657 204
649 197
643 190
638 181
634 172
632 162
631 152
632 142
634 132
638 123
644 115
651 107
659 101
667 96
676 92
686 90
696 88
706 88
716 90
725 92
735 97
743 102
750 109
757 117
762 125
765 135
767 144
768 154
767 164
765 174
761 183
756 192
749 199
741 206
733 211
724 215
714 218
704 219
694 218
684 216
675 213
666 208
659 201
652 194
646 186
642 177
639 167
638 157
638 147
639 137
643 128
648 119
654 112
661 105
670 99
679 95
688 92
698 90
708 89
718 90
728 92
737 95
746 100
753 107
760 114
766 122
770 131
773 141
774 151
774 161
772 171
769 180
764 189
758 197
751 204
743 210
734 215
725 218
715 219
705 220
695 218
685 215
676 211
668 205
661 198
655 191
650 182
646 172
644 163
644 153
645 143
647 133
652 124
657 116
664 109
672 102
681 97
690 94
700 91
710 90
720 90
730 92
739 94
748 99
756 105
764 111
770 119
775 128
778 137
780 147
780 157
779 167
777 177
773 186
767 194
761 202
753 208
744 213
735 217
725 220
715 220
705 220
696 217
686 214
678 209
670 202
663 195
658 186
654 177
651 168
650 158
650 148
652 138
656 129
661 120
667 112
675 106
683 100
692 96
702 93
711 91
721 90
731 91
741 94
750 97
759 102
767 109
773 116
779 125
783 134
786 143
787 153
786 163
784 173
781 183
776 191
770 199
763 206
755 212
746 216
736 219
726 221
716 221
706 219
697 216
688 212
680 206
673 199
667 191
662 182
658 173
657 163
656 153
657 143
660 133
665 124
670 116
677 109
685 103
694 98
703 94
713 92
723 91
733 91
743 93
752 96
761 100
769 106
777 113
783 121
787 130
791 139
793 149
793 159
792 169
789 178
785 188
779 196
773 203
765 210
756 215
747 218
737 221
727 221
717 220
708 218
698 214
690 209
682 203
676 195
670 187
666 178
664 168
663 158
663 148
665 138
669 129
674 120
680 113
688 106
696 101
705 96
715 93
725 91
735 91
745 92
754 94
763 98
772 103
780 110
786 117
792 126
796 135
798 145
799 154
799 164
797 174
793 184
789 192
782 200
775 207
767 213
758 217
748 220
738 222
728 221
719 220
709 217
700 212
692 206
685 199
679 191
674 182
671 173
669 163
669 153
670 143
673 134
677 125
683 117
690 109
698 103
707 98
716 95
726 92
736 91
746 91
756 93
765 96
774 101
782 107
790 114
796 122
800 130
804 140
805 150
806 160
804 170
802 179
797 188
792 197
785 204
777 210
769 215
759 219
750 221
740 222
730 221
720 218
711 215
702 209
695 203
688 195
683 187
679 178
676 168
675 158
676 148
678 138
682 129
687 121
693 113
701 106
709 101
718 97
728 94
737 92
747 91
757 92
767 95
776 99
785 104
793 110
799 118
804 126
808 135
811 145
812 155
812 165
809 175
806 184
801 193
795 201
788 208
779 213
770 218
761 220
751 222
741 222
731 220
722 217
713 212
705 206
697 199
692 191
687 182
684 173
682 163
682 153
683 143
686 134
690 125
696 117
703 110
711 104
720 99
729 95
739 93
749 91
759 92
769 93
778 97
787 101
795 107
802 114
808 122
813 131
816 140
818 150
818 160
817 170
814 180
810 189
805 197
798 204
790 211
781 216
772 219
762 221
752 222
742 221
733 219
723 215
715 210
707 203
701 196
695 187
691 178
689 168
688 158
689 148
691 138
694 129
699 121
706 113
714 106
722 101
731 97
740 94
750 92
760 92
770 93
780 95
789 99
798 104
805 110
812 118
817 126
821 136
824 145
825 155
824 165
822 175
819 184
814 193
808 201
800 208
792 213
783 218
773 221
763 222
753 222
744 220
734 217
725 212
717 207
710 199
704 191
700 183
696 173
695 163
694 153
696 143
699 134
703 125
709 117
716 110
724 104
733 99
742 95
752 93
762 92
772 92
782 94
791 97
800 101
808 107
815 114
821 122
826 131
829 140
831 150
831 160
830 170
827 180
823 189
817 197
810 205
803 211
794 216
785 219
775 222
765 222
755 221
745 219
736 215
727 210
720 203
713 196
708 187
704 178
702 168
701 158
701 148
703 138
707 129
712 121
719 113
726 106
735 101
744 97
753 94
763 92
773 92
783 93
793 95
802 99
810 104
818 111
825 118
830 127
834 136
836 146
837 155
837 165
835 175
831 185
826 193
820 201
813 208
805 214
796 218
786 221
776 222
766 222
756 220
747 217
738 212
730 207
723 199
717 191
712 183
709 173
707 163
707 153
708 143
711 134
716 125
722 117
729 110
737 104
745 99
755 95
765 93
774 92
784 92
794 94
804 97
813 101
821 107
828 114
834 122
838 131
842 141
843 150
844 160
842 170
840 180
835 189
830 197
823 205
815 211
807 216
797 220
787 222
777 222
767 221
758 219
749 215
740 210
732 203
726 196
721 187
717 178
714 168
713 158
714 148
716 138
720 129
725 121
731 113
739 107
747 101
756 97
766 94
776 92
786 92
796 93
806 95
815 99
823 104
831 111
837 118
843 127
847 136
849 146
850 156
850 166
847 175
844 185
839 193
833 201
825 208
817 214
808 218
799 221
789 222
779 222
769 220
759 217
750 212
742 207
735 199
729 191
725 183
722 173
720 163
720 153
721 143
724 134
729 125
734 117
741 110
749 104
758 99
768 95
777 93
787 92
797 92
807 94
817 97
825 101
834 107
841 114
847 122
851 131
854 141
856 151
856 161
855 170
852 180
848 189
842 197
836 205
828 211
819 216
810 220
800 222
790 222
780 221
770 219
761 215
753 210
745 203
739 196
733 187
729 178
727 168
726 158
727 148
729 138
732 129
738 121
744 113
752 107
760 101
769 97
779 94
789 92
799 92
809 93
818 95
827 99
836 104
844 111
850 118
855 127
859 136
862 146
863 156
862 166
860 175
857 185
852 194
846 201
838 208
830 214
821 218
812 221
802 222
792 222
782 221
772 217
763 213
755 207
748 200
742 192
738 183
734 174
733 164
733 154
734 144
737 134
741 125
747 117
754 110
762 104
771 99
780 95
790 93
800 92
810 92
820 94
829 97
838 102
846 107
853 114
859 122
864 131
867 141
869 150
870 160
868 170
866 180
862 189
856 198
850 205
842 211
833 217
824 220
814 223
804 223
794 223
785 220
775 217
767 211
759 205
753 198
747 189
743 180
740 170
739 161
740 151
742 141
745 131
750 123
756 115
764 108
772 103
781 98
791 95
800 93
810 92
820 93
830 96
839 99
848 104
856 111
862 118
868 126
872 135
875 145
877 155
877 165
875 175
872 184
868 193
862 201
855 209
847 215
838 219
829 223
819 225
809 225
799 224
789 221
780 217
772 211
764 205
758 197
753 188
749 179
747 169
746 159
747 149
750 140
753 130
759 122
765 114
773 108
782 103
791 98
800 96
810 94
820 94
830 95
840 97
849 101
857 107
865 113
871 121
876 130
880 139
883 148
884 158
884 168
883 178
879 188
875 196
869 204
862 212
854 217
845 222
835 225
826 227
816 227
806 226
796 223
787 219
779 213
771 206
765 198
760 190
757 180
755 171
754 161
755 151
758 141
762 132
767 123
774 116
781 110
790 104
799 100
808 97
818 96
828 96
838 97
848 99
857 104
865 109
873 116
879 123
885 132
889 141
891 151
893 161
893 171
891 180
888 190
884 199
878 207
871 214
863 220
854 225
845 228
835 230
825 231
815 230
805 227
796 223
788 217
781 211
774 203
769 194
765 185
763 175
762 165
763 155
766 146
769 136
775 128
781 120
788 114
797 108
806 104
815 101
825 99
835 98
845 99
855 102
864 106
872 111
880 118
886 125
892 134
896 143
899 152
901 162
901 172
900 182
897 192
893 201
888 209
881 217
873 223
865 228
855 232
846 234
836 235
826 234
816 232
807 228
798 223
790 217
784 209
778 201
774 192
772 182
770 172
771 162
773 152
776 143
781 134
787 126
794 119
802 113
811 109
821 105
830 103
840 102
850 103
860 105
869 109
878 114
885 120
892 128
897 136
902 145
905 155
906 165
907 175
906 185
903 194
899 204
894 212
888 220
880 226
872 232
862 236
853 238
843 239
833 238
823 236
814 233
805 228
797 222
790 214
785 206
781 197
778 187
776 178
777 168
778 158
781 148
786 139
792 131
799 124
807 118
816 113
825 110
835 107
845 106
855 107
864 109
874 113
882 118
890 125
896 132
901 141
906 150
908 160
910 170
910 180
909 189
907 199
903 208
897 217
891 224
883 231
875 236
865 240
856 242
846 243
836 243
826 240
817 237
808 232
800 225
793 218
788 210
784 201
781 191
780 181
780 171
782 161
785 152
790 143
796 135
803 128
811 122
820 117
829 114
839 112
849 111
859 112
869 114
878 118
886 124
893 131
899 139
904 148
908 157
911 166
912 176
912 186
910 196
907 206
903 215
898 223
891 230
883 237
874 242
865 245
855 247
845 248
835 247
825 244
816 240
808 235
800 228
794 221
788 212
785 203
782 193
781 183
782 173
784 163
788 154
793 145
799 138
806 131
815 125
824 121
833 118
843 116
853 116
863 117
872 120
881 125
889 131
896 138
902 147
906 156
910 165
912 175
913 185
912 195
910 205
907 214
902 223
896 231
889 238
880 243
871 248
862 251
852 252
842 252
832 251
823 248
814 243
805 237
798 231
792 223
788 214
784 204
782 194
782 184
783 175
786 165
790 156
795 147
802 140
810 134
818 129
828 125
837 122
847 121
857 122
867 124
876 128
885 133
892 140
899 147
904 156
908 165
911 175
912 184
912 194
911 204
909 214
904 223
899 232
893 239
885 246
876 251
867 255
857 257
847 258
837 257
828 255
818 251
810 246
802 240
795 232
790 224
786 215
783 205
782 195
782 185
784 176
787 166
792 157
798 149
805 142
813 137
822 132
832 129
842 127
852 127
861 128
871 131
880 136
888 142
895 149
901 157
905 166
909 175
911 185
912 195
911 205
909 215
906 224
901 233
895 241
888 248
880 254
871 259
861 262
852 263
842 263
832 262
822 259
813 254
805 249
798 242
792 234
787 225
783 216
781 206
781 196
782 186
785 176
789 167
794 159
801 151
809 145
817 140
826 136
836 134
846 133
856 133
866 136
875 139
883 145
891 152
897 159
902 168
906 177
909 187
910 197
911 207
909 217
907 226
903 235
897 244
890 251
883 257
874 263
865 266
855 269
845 269
835 269
825 266
816 262
808 257
800 251
793 243
788 235
784 226
781 216
780 206
781 196
782 186
786 177
791 168
797 160
804 153
812 148
821 143
831 140
841 139
851 139
861 141
870 144
879 149
887 155
893 162
899 170
904 179
907 189
909 199
910 209
909 219
907 228
904 238
899 246
893 254
885 261
877 267
868 271
858 274
849 275
839 275
829 274
819 271
810 266
802 260
795 253
789 245
784 236
781 227
779 217
779 207
781 197
783 187
788 178
793 170
800 163
808 156
816 151
826 148
835 146
845 145
855 146
865 149
874 153
882 158
890 165
896 173
901 182
905 191
908 200
909 210
909 220
907 230
905 240
900 249
895 257
888 264
880 271
871 276
862 279
852 281
842 282
832 281
823 278
813 274
805 269
797 263
791 255
786 246
782 237
779 228
778 218
779 208
781 198
785 188
790 180
796 172
803 165
812 160
821 155
830 153
840 151
850 152
860 153
870 157
878 162
886 168
893 176
898 184
903 193
906 202
908 212
909 222
908 232
906 242
902 251
897 260
891 268
883 274
875 280
866 284
856 287
846 288
836 288
827 286
817 283
808 278
800 272
793 265
787 257
783 248
780 238
778 229
778 219
779 209
782 199
787 190
792 182
799 175
807 168
816 164
825 160
835 158
845 158
855 159
865 161
874 166
882 171
889 178
895 186
900 195
904 204
907 214
908 224
908 234
906 244
904 253
899 262
893 270
887 278
879 284
870 289
861 292
851 294
841 294
831 293
821 291
812 287
804 281
796 275
790 267
785 258
781 249
778 240
778 230
778 220
781 210
784 201
789 192
796 184
803 177
811 172
821 168
830 165
840 164
850 164
860 166
869 170
878 175
886 181
892 189
898 197
902 206
905 215
907 225
908 235
907 245
905 255
901 264
896 273
890 281
882 287
874 293
865 297
855 300
845 301
835 300
825 298
816 295
807 290
799 284
792 277
787 269
782 260
779 251
777 241
777 231
779 221
782 211
786 202
792 194
799 187
807 181
816 176
825 173
835 171
845 170
855 171
865 174
874 179
882 184
889 191
895 199
900 208
904 217
906 227
908 237
908 247
906 257
903 266
899 275
893 283
886 290
878 297
869 301
860 305
850 307
840 307
830 306
820 303
811 299
803 294
795 287
789 279
784 271
780 262
778 252
777 242
778 232
780 222
784 213
789 204
795 197
803 190
811 185
820 180
830 178
840 177
850 177
860 179
869 183
878 188
885 194
892 201
898 210
902 219
905 228
907 238
908 248
907 258
904 268
901 277
896 286
889 293
882 300
873 306
864 310
855 312
845 313
835 313
825 311
816 308
807 303
799 297
792 290
786 281
782 273
779 263
777 253
777 243
779 233
782 224
786 215
792 207
799 199
807 193
816 189
825 185
835 183
845 183
855 184
865 187
874 191
882 197
889 204
895 212
900 221
904 230
906 240
907 250
907 260
906 269
903 279
898 288
893 296
886 303
878 309
869 314
860 318
850 319
840 320
830 319
820 316
811 312
803 306
795 300
789 292
784 283
780 274
778 264
777 254
778 245
780 235
784 226
789 217
795 209
803 203
811 197
820 193
830 191
840 189
850 190
860 192
869 195
878 200
885 207
892 214
898 223
902 232
905 241
907 251
907 261
907 271
904 281
901 290
895 298
889 306
882 313
873 318
864 322
854 325
844 326
834 326
825 324
815 320
806 316
799 309
792 302
786 294
781 285
778 276
777 266
777 256
779 246
782 236
786 227
792 219
799 212
807 206
816 201
825 198
835 196
845 196
855 197
865 200
874 204
882 210
889 217
895 225
900 233
904 243
906 252
907 262
907 272
906 282
903 292
898 301
892 309
885 316
877 322
869 327
859 330
849 332
839 332
830 331
820 329
811 325
802 319
795 312
789 305
784 296
780 287
778 277
777 267
778 257
780 247
784 238
789 230
795 222
803 215
811 210
820 206
830 203
840 202
850 203
860 205
869 208
878 213
885 220
892 227
898 235
902 244
905 254
907 264
907 274
906 284
904 293
900 303
895 311
889 319
881 326
873 331
864 335
854 338
844 339
834 338
824 336
815 333
806 328
798 322
791 315
786 307
781 298
778 288
777 278
777 268
779 258
782 249
786 240
792 232
799 225
807 219
816 214
825 211
835 209
845 208
855 210
864 212
873 217
882 223
889 230
895 238
900 246
904 255
906 265
907 275
907 285
906 295
902 304
898 313
892 322
885 329
877 335
869 340
859 343
849 345
839 345
829 344
820 341
811 337
802 332
795 325
789 317
783 309
780 299
778 290
777 280
778 270
780 260
784 251
789 242
795 235
803 228
811 223
820 218
830 216
840 215
850 215
860 217
869 221
878 226
885 232
892 240
898 248
902 257
905 267
907 277
907 287
906 296
904 306
900 315
895 324
889 332
881 338
873 344
864 348
854 350
844 352
834 351
824 349
815 346
806 341
798 335
791 328
786 319
781 310
778 301
777 291
777 281
779 271
782 262
786 253
792 244
799 237
807 231
816 227
825 223
835 221
845 221
855 222
865 225
874 230
882 235
889 242
895 250
900 259
904 268
906 278
907 288
907 298
905 308
902 317
898 326
892 334
885 342
877 348
868 352
859 356
849 358
839 358
829 357
820 354
811 350
802 344
795 338
788 330
783 321
780 312
777 302
777 292
778 282
780 273
784 263
789 255
795 247
803 241
811 235
820 231
830 229
840 228
850 228
860 230
869 234
878 239
885 245
892 253
898 261
902 270
905 279
907 289
907 299
906 309
904 319
900 328
895 337
889 344
881 351
873 356
864 361
854 363
844 364
834 364
824 362
815 358
806 354
798 347
791 340
786 332
781 323
778 313
777 304
777 294
779 284
782 274
786 265
792 257
799 250
807 244
816 239
825 236
835 234
845 234
855 235
865 238
874 242
882 248
889 255
895 263
900 272
904 281
906 291
907 301
907 311
905 320
902 330
898 339
892 347
885 354
877 360
868 365
859 368
849 370
839 371
829 369
820 367
810 363
802 357
795 350
788 343
783 334
780 325
777 315
777 305
778 295
780 285
784 276
789 267
795 260
803 253
811 248
820 244
830 241
840 240
850 241
860 243
869 246
878 251
885 258
892 265
898 274
902 283
905 292
907 302
907 312
906 322
904 332
900 341
895 350
889 357
881 364
873 369
864 373
854 376
844 377
834 376
824 375
815 371
806 366
798 360
791 353
786 345
781 336
778 326
777 316
777 306
779 296
782 287
786 278
792 270
799 263
807 257
816 252
825 249
835 247
845 247
855 248
865 251
874 255
882 261
889 268
895 276
900 284
904 294
906 303
907 313
907 323
905 333
902 343
898 352
892 360
885 367
877 373
868 378
859 381
849 383
839 383
829 382
820 379
810 375
802 370
795 363
788 355
783 347
780 337
777 328
777 318
778 308
780 298
784 289
789 280
795 272
803 266
811 261
820 257
830 254
840 253
850 253
860 255
869 259
878 264
885 271
892 278
898 286
902 295
905 305
907 315
907 325
906 335
904 344
900 354
895 362
889 370
881 377
873 382
864 386
854 389
844 390
834 389
824 387
815 384
806 379
798 373
791 366
786 357
781 348
778 339
777 329
777 319
779 309
782 300
786 291
792 282
799 275
807 269
816 265
825 261
835 260
845 259
855 261
865 263
874 268
882 274
889 281
895 288
900 297
904 306
906 316
907 326
907 336
905 346
902 355
898 364
892 373
885 380
877 386
868 390
859 394
849 396
839 396
829 395
819 392
810 388
802 382
795 376
788 368
783 359
780 350
777 340
777 330
778 320
780 311
784 301
789 293
795 285
803 279
811 273
820 269
830 267
840 266
850 266
860 268
869 272
878 277
885 283
892 291
898 299
902 308
905 318
907 327
907 337
906 347
904 357
900 366
895 375
889 383
881 389
873 395
864 399
854 401
844 402
834 402
824 400
815 396
806 392
798 385
791 378
786 370
781 361
778 351
777 342
777 332
779 322
782 312
786 303
792 295
799 288
807 282
816 277
825 274
835 272
845 272
855 273
865 276
874 280
882 286
889 293
895 301
900 310
904 319
906 329
907 339
907 349
905 359
902 368
898 377
892 385
885 392
877 398
868 403
859 407
849 408
839 409
829 407
819 405
810 401
802 395
795 388
788 381
783 372
780 363
777 353
777 343
778 333
780 323
784 314
789 305
795 298
803 291
811 286
821 282
830 279
840 278
850 279
860 281
869 284
878 290
885 296
892 304
898 312
902 321
905 330
907 340
907 350
906 360
904 370
900 379
895 388
889 395
881 402
873 407
863 411
854 414
844 415
834 415
824 413
815 409
806 404
798 398
791 391
786 383
781 374
778 364
777 354
777 344
779 334
782 325
786 316
792 308
799 301
807 295
816 290
825 287
835 285
845 285
855 286
865 289
874 293
882 299
889 306
895 314
900 323
904 332
906 342
907 352
907 362
905 371
902 381
898 390
892 398
885 405
877 411
868 416
859 419
849 421
839 421
829 420
819 417
810 413
802 408
795 401
788 393
783 385
780 375
777 366
777 356
778 346
780 336
784 327
789 318
795 310
803 304
811 299
821 295
830 292
840 291
850 291
860 294
869 297
878 302
885 309
892 316
898 325
902 334
905 343
907 353
907 363
906 373
904 383
900 392
895 400
889 408
881 415
873 420
863 424
854 427
844 428
834 427
824 425
815 422
806 417
798 411
791 404
786 395
781 386
778 377
777 367
777 357
779 347
782 338
786 329
792 320
799 313
807 307
816 303
825 299
835 298
845 297
855 299
865 301
874 306
882 312
889 319
895 327
900 335
904 345
906 354
907 364
907 374
905 384
902 394
898 403
892 411
885 418
877 424
868 429
859 432
849 434
839 434
829 433
819 430
810 426
802 420
795 414
788 406
783 397
780 388
777 378
777 368
778 358
780 349
784 339
789 331
795 323
803 317
811 311
821 307
830 305
840 304
850 304
860 306
869 310
878 315
886 321
892 329
898 337
902 346
905 356
907 366
907 376
906 386
904 395
900 405
895 413
889 421
881 427
873 433
863 437
854 439
844 440
834 440
824 438
815 434
806 430
798 424
791 416
785 408
781 399
778 389
777 380
777 370
779 360
782 350
786 341
792 333
799 326
807 320
816 315
825 312
835 310
845 310
855 311
865 314
874 319
882 324
889 331
895 339
900 348
904 357
906 367
907 377
907 387
905 397
902 406
898 415
892 423
885 431
877 437
868 441
859 445
849 446
839 447
829 446
819 443
810 439
802 433
795 426
788 419
783 410
780 401
777 391
777 381
778 371
780 361
784 352
789 344
795 336
803 329
811 324
821 320
830 317
840 316
850 317
860 319
869 323
878 328
886 334
892 342
898 350
902 359
905 369
907 378
907 388
906 398
904 408
900 417
895 426
889 434
881 440
873 445
863 450
854 452
844 453
834 453
824 451
815 447
806 442
798 436
791 429
785 421
781 412
778 402
777 392
777 382
779 372
782 363
786 354
792 346
799 339
807 333
816 328
825 325
835 323
845 323
855 324
865 327
874 331
882 337
889 344
895 352
900 361
904 370
906 380
907 390
907 400
905 410
902 419
898 428
892 436
885 443
877 449
868 454
859 457
849 459
839 459
829 458
819 456
810 451
802 446
794 439
788 431
783 423
780 413
777 404
777 394
778 384
780 374
784 365
789 356
795 349
803 342
811 337
821 333
830 330
840 329
850 330
860 332
869 335
878 340
885 347
892 354
898 363
902 372
905 381
907 391
907 401
906 411
904 421
900 430
895 439
889 446
881 453
873 458
863 462
854 465
844 466
834 466
824 464
815 460
806 456
798 450
791 442
785 434
781 425
778 416
776 406
776 396
778 386
781 376
785 367
791 359
798 352
806 346
815 341
824 338
834 336
844 336
854 337
864 340
873 344
881 350
888 357
894 365
899 373
903 382
906 392
907 402
907 412
905 422
902 431
898 440
892 449
885 456
877 462
868 467
859 470
849 472
839 473
829 472
820 470
810 466
802 461
794 454
788 447
782 438
779 429
776 419
775 409
776 399
778 389
781 380
786 371
792 364
800 357
808 351
817 347
827 344
836 343
846 343
856 345
866 348
875 353
882 359
889 366
895 374
900 383
903 392
905 402
906 412
906 422
903 432
900 441
895 450
889 458
882 465
874 471
865 475
855 478
845 480
835 480
825 479
816 476
807 472
798 467
791 460
785 452
780 444
776 434
774 425
773 415
774 405
776 395
780 386
785 377
792 370
799 363
808 358
817 354
827 351
836 350
846 350
856 352
866 356
874 361
882 367
889 375
894 383
899 392
902 401
904 411
905 421
904 431
902 441
898 450
893 459
887 467
879 473
871 479
862 483
852 486
843 488
833 488
823 487
813 485
804 480
796 475
788 468
782 460
777 452
773 442
771 433
770 423
771 413
773 403
777 394
782 385
789 378
796 371
805 366
814 362
824 359
834 358
844 359
853 361
863 364
871 369
879 375
886 383
892 391
896 400
900 409
902 419
902 429
902 439
899 449
896 458
891 467
884 474
877 481
869 487
860 491
851 495
841 497
831 497
821 496
811 494
802 490
793 485
786 479
779 471
774 463
770 453
767 444
766 434
767 424
769 414
772 405
777 396
783 388
790 381
799 375
808 371
817 368
827 367
837 367
847 369
856 372
865 376
873 382
880 389
887 397
892 406
895 415
898 425
899 435
898 445
897 454
893 464
888 473
882 481
875 487
867 493
858 498
849 501
839 503
829 504
819 504
809 502
800 498
791 493
783 487
776 480
771 472
766 463
763 453
762 443
762 433
764 423
767 414
772 405
777 397
784 390
792 384
801 379
811 376
821 374
831 374
841 375
850 378
859 382
868 388
875 394
881 402
887 411
891 420
893 429
895 439
894 449
893 459
890 469
885 477
879 485
871 492
863 498
854 503
845 506
835 508
825 509
815 508
806 506
796 503
787 498
779 492
773 485
767 477
762 468
759 458
758 448
758 438
760 428
763 419
767 410
773 402
780 395
788 389
797 384
806 380
816 379
826 378
836 380
846 382
855 386
863 392
870 399
877 406
882 415
886 424
889 434
890 444
890 454
888 463
885 473
880 482
873 489
866 496
858 501
849 506
839 509
829 511
819 511
809 511
800 508
790 505
782 500
774 494
767 486
762 478
757 469
755 459
753 449
754 439
755 429
759 420
763 411
769 403
777 396
785 390
794 386
803 383
813 381
823 381
833 382
842 385
851 390
860 395
867 402
873 410
878 419
882 428
884 438
885 448
885 458
882 467
879 477
873 485
867 493
859 499
850 504
841 508
832 511
822 512
812 512
802 511
792 508
783 504
775 499
767 492
761 485
756 476
752 467
750 457
749 447
750 437
752 427
756 418
761 409
767 402
775 395
783 390
792 386
802 383
812 382
822 382
832 384
841 388
850 392
858 399
865 406
870 414
875 423
878 432
880 442
880 452
879 462
876 472
872 481
866 489
859 496
850 501
842 506
832 509
822 512
812 513
802 512
793 510
783 507
774 502
766 496
759 489
753 481
749 472
746 463
744 453
744 443
745 433
748 423
753 414
758 406
765 399
773 393
782 388
791 384
801 382
811 382
821 383
831 386
840 390
848 395
856 402
862 409
867 418
871 427
874 437
875 446
875 456
873 466
869 476
864 484
857 492
849 498
841 503
832 507
822 510
812 512
802 512
792 511
783 508
773 504
765 499
757 492
751 485
746 476
742 467
740 457
739 447
739 437
742 428
745 418
750 410
757 402
764 395
772 390
781 386
791 383
801 382
811 382
821 384
830 387
839 392
847 398
854 405
860 413
864 422
868 431
869 441
869 451
868 461
865 471
861 480
854 488
847 494
839 500
830 505
821 508
811 510
801 511
791 511
781 509
772 506
763 501
755 495
748 487
743 479
738 470
735 461
734 451
734 441
735 431
738 421
743 412
749 404
756 397
764 391
772 386
782 383
792 381
802 381
812 382
821 385
830 389
839 394
846 401
852 409
857 418
861 427
863 437
864 447
863 456
861 466
857 475
851 484
845 491
837 497
828 502
819 506
809 509
799 510
789 510
779 509
770 506
761 502
753 496
745 490
739 482
734 473
730 464
728 454
728 444
729 434
731 424
735 415
740 407
747 399
754 393
763 387
772 383
782 381
792 380
802 380
811 383
821 386
829 391
837 397
844 405
850 413
854 422
857 431
858 441
858 451
856 461
853 471
848 479
841 487
834 494
826 499
817 504
807 507
797 509
787 510
777 509
768 507
758 503
750 498
742 492
735 484
730 476
726 467
723 457
722 447
722 437
724 427
727 418
732 409
738 401
745 394
753 388
762 384
772 381
782 379
792 379
802 381
811 384
820 388
828 394
836 401
842 409
846 417
850 427
852 437
852 447
851 457
848 466
844 475
838 483
831 491
823 497
815 502
805 505
796 508
786 509
776 509
766 507
756 504
747 499
739 494
732 487
726 479
721 470
718 460
716 451
716 441
717 431
720 421
724 412
730 404
737 396
744 390
753 385
762 381
772 379
782 379
792 379
802 382
811 386
820 391
827 397
834 405
839 413
843 423
845 432
846 442
846 452
844 462
840 471
835 480
828 487
821 494
812 499
803 504
794 506
784 508
774 509
764 507
754 505
745 501
737 495
729 489
723 481
718 472
714 463
712 454
711 444
712 434
714 424
717 415
723 406
729 398
736 392
745 386
754 382
763 379
773 378
783 378
793 380
803 384
811 389
819 395
826 402
832 410
837 419
840 428
841 438
841 448
840 458
836 468
832 477
826 484
818 491
810 497
801 502
792 505
782 507
772 508
762 508
753 506
743 502
735 497
727 491
720 483
714 475
710 466
707 457
706 447
706 437
708 427
711 417
716 408
722 400
729 393
737 387
746 383
755 380
765 378
775 378
785 379
795 382
804 387
812 392
819 399
825 407
830 416
834 425
836 435
836 445
835 455
833 464
829 473
823 482
816 489
808 495
800 500
790 504
781 507
771 508
761 508
751 506
741 503
732 499
724 493
717 486
711 478
706 470
703 460
701 450
700 440
701 431
704 421
708 412
714 403
720 396
728 390
737 384
746 381
756 378
765 378
775 378
785 381
794 384
803 390
811 396
817 403
823 412
827 421
830 431
831 440
830 450
828 460
825 470
820 478
813 486
806 493
797 498
788 502
779 506
769 507
759 508
749 507
739 505
730 501
722 495
714 489
708 481
702 473
698 464
696 454
695 444
696 434
698 424
701 415
706 406
712 398
720 392
728 386
737 382
747 379
757 378
767 378
777 379
786 383
795 387
803 393
810 400
816 408
820 417
824 427
825 437
825 447
824 457
821 466
817 475
811 483
803 490
795 496
787 501
777 505
768 507
758 508
748 507
738 505
728 502
720 497
712 491
705 484
699 476
695 467
692 457
690 447
690 437
692 427
695 418
700 409
705 401
712 394
720 388
729 383
739 380
748 378
758 377
768 379
778 381
787 386
795 391
803 398
809 406
814 414
818 424
820 433
821 443
820 453
817 463
813 472
808 480
801 488
793 494
785 499
776 503
766 506
756 508
746 508
736 506
727 503
718 499
710 493
702 486
696 478
691 469
688 460
686 450
686 440
687 430
690 420
694 411
699 403
706 396
713 389
722 384
731 380
741 378
751 377
761 378
771 380
780 384
789 389
796 396
803 403
808 411
812 421
815 430
816 440
816 450
814 460
810 469
805 478
799 486
791 492
783 498
774 502
764 505
755 507
745 508
735 506
725 504
716 500
707 494
700 488
694 480
688 471
685 462
682 452
682 443
682 433
685 423
688 414
693 405
700 397
707 391
716 385
725 381
734 378
744 377
754 378
764 379
774 383
782 388
790 394
797 401
803 409
807 418
810 428
812 438
812 448
810 457
807 467
803 476
796 484
789 491
781 496
772 501
763 505
753 507
743 508
733 507
723 504
714 501
706 496
698 489
691 482
686 473
682 464
679 455
678 445
678 435
680 425
684 416
688 407
694 399
702 392
710 386
719 382
728 379
738 377
748 377
758 379
768 382
777 386
785 392
792 399
798 407
803 416
806 425
808 435
808 445
807 455
804 465
800 474
794 482
787 489
779 495
771 500
761 504
752 506
742 507
732 507
722 505
713 502
704 497
696 491
689 483
683 475
679 466
676 457
674 447
675 437
676 427
679 417
684 408
690 400
697 393
705 387
713 382
723 379
733 377
743 377
753 378
762 381
771 385
780 391
787 397
793 405
798 414
802 423
804 433
805 443
804 453
801 463
797 472
792 480
785 487
777 494
769 499
760 503
750 506
740 507
730 507
720 506
711 503
702 499
694 493
686 486
680 478
676 469
672 460
670 450
670 440
671 430
673 421
677 411
683 403
689 396
697 389
706 384
715 380
725 378
735 377
745 378
754 380
764 384
772 389
780 395
787 403
792 411
796 420
799 430
800 440
800 450
798 460
794 469
789 478
783 485
775 492
767 498
758 502
749 505
739 507
729 508
719 507
709 504
700 500
692 495
684 489
678 481
672 473
669 463
666 454
665 444
666 434
668 424
672 415
677 406
683 398
690 391
698 386
708 382
717 379
727 378
737 378
747 380
756 383
765 387
773 393
780 401
786 409
791 418
794 427
795 437
796 447
794 457
791 466
787 475
781 483
773 490
765 496
757 501
747 505
738 507
728 508
718 508
708 506
699 502
690 497
682 491
675 484
670 476
665 467
662 457
661 447
661 437
663 427
666 418
671 409
676 401
683 394
692 388
700 383
710 380
720 378
730 378
740 379
749 382
758 386
767 392
774 399
780 407
785 415
789 425
791 434
791 444
790 454
788 464
784 473
778 481
771 489
764 495
755 500
746 504
736 507
726 508
716 508
706 506
697 503
688 498
680 492
673 485
667 477
663 468
659 459
658 449
658 439
659 429
662 419
666 410
672 402
679 395
687 389
695 384
705 380
714 378
724 378
734 379
744 381
753 385
762 391
769 397
776 405
781 413
785 423
787 432
788 442
787 452
785 462
781 471
776 480
769 487
762 494
753 499
744 503
735 506
725 508
715 508
705 506
695 503
686 499
678 493
671 486
665 478
660 470
657 460
655 450
654 440
655 431
658 421
662 412
667 403
674 396
682 389
690 384
700 381
709 378
719 378
729 378
739 381
748 384
757 389
765 396
771 403
777 412
781 421
783 430
785 440
784 450
782 460
779 469
774 478
767 486
760 492
752 498
743 503
733 506
723 508
713 508
703 507
694 504
685 500
676 494
669 488
663 480
658 471
654 462
652 452
651 442
652 432
654 423
658 413
663 405
670 397
677 390
686 385
695 381
704 379
714 378
724 378
734 380
744 384
752 388
760 395
767 402
773 410
777 419
780 429
781 439
781 449
780 458
776 468
772 477
765 485
758 491
750 497
741 502
732 505
722 507
712 508
702 507
692 505
683 501
675 495
667 489
661 481
655 473
651 464
649 454
648 444
649 434
651 424
654 415
659 406
665 398
673 392
681 386
690 382
700 379
710 378
720 378
730 380
739 383
748 388
756 393
763 401
769 409
773 418
777 427
778 437
778 447
777 457
774 466
769 475
763 483
756 490
748 496
740 501
730 505
721 507
711 508
701 507
691 505
682 502
673 497
665 490
659 483
653 474
649 465
646 456
645 446
645 436
647 426
651 417
655 408
661 400
669 393
677 387
686 383
695 379
705 378
715 378
725 379
734 382
743 387
752 393
759 399
765 407
770 416
773 426
775 435
775 445
774 455
772 465
767 474
762 482
755 489
747 496
738 501
729 505
719 507
709 508
699 508
690 506
680 502
672 498
664 491
657 484
651 476
647 467
644 457
642 448
642 438
644 428
647 418
652 409
658 401
665 394
673 388
681 383
691 380
701 378
711 378
721 379
730 382
739 386
748 392
755 398
761 406
766 415
770 424
772 434
773 444
772 454
769 464
765 473
760 481
753 489
745 495
737 500
728 504
718 507
708 508
698 508
688 507
679 503
670 499
662 493
655 486
649 478
645 469
641 459
640 449
640 439
641 429
644 420
648 411
654 403
661 395
668 389
677 384
686 381
696 379
706 378
716 379
726 382
735 386
744 391
751 397
758 405
763 414
767 423
769 433
770 443
769 453
767 462
763 472
758 480
751 488
744 494
736 500
727 504
717 507
707 509
697 509
687 507
678 504
669 500
661 494
653 487
647 479
642 470
639 461
637 451
637 441
638 431
640 422
644 412
650 404
657 397
664 390
673 385
682 381
692 379
702 378
712 379
722 381
731 385
739 390
747 396
754 404
759 412
763 421
766 431
767 441
767 451
765 461
761 470
756 479
750 486
742 493
734 499
725 504
716 507
706 509
696 509
686 508
677 505
668 501
659 495
652 489
646 481
640 472
637 463
635 453
634 443
635 433
637 423
641 414
646 406
652 398
660 391
668 386
677 382
687 379
697 378
707 379
717 381
726 384
735 389
743 395
750 402
755 411
760 420
763 429
764 439
764 449
762 459
759 468
754 477
748 485
741 492
733 498
725 503
715 506
705 509
695 509
685 508
676 506
667 502
658 497
650 490
644 482
639 474
635 465
632 455
631 445
632 435
634 425
637 416
642 407
648 399
655 393
664 387
673 383
682 380
692 378
702 378
712 380
721 383
730 388
738 393
746 400
752 408
756 417
759 427
761 437
761 447
760 457
757 466
753 475
747 483
740 491
733 497
724 502
715 506
705 509
695 510
685 509
675 508
666 504
657 499
649 493
642 486
637 478
632 469
629 460
627 450
627 440
628 430
631 420
635 411
641 403
648 396
656 389
664 384
674 381
684 379
694 378
704 379
713 382
722 386
731 391
738 398
745 405
750 414
754 423
756 433
757 443
757 452
755 462
751 472
745 480
739 488
731 494
723 500
714 504
705 507
695 509
685 509
675 507
665 504
656 500
648 494
641 487
635 479
630 471
626 461
624 452
624 442
624 432
627 422
631 413
636 404
642 397
650 390
658 385
667 381
677 378
687 377
697 377
707 379
716 383
725 388
733 394
740 401
745 409
750 418
752 428
754 438
754 448
752 458
749 467
744 476
738 484
731 491
723 497
714 502
705 505
695 508
685 508
675 507
665 505
656 501
648 496
640 489
634 481
628 473
624 464
621 454
620 444
620 434
622 424
625 415
630 406
636 398
643 391
651 385
660 381
670 377
679 376
689 376
699 377
709 380
718 384
726 390
733 397
740 405
745 413
748 423
750 432
751 442
750 452
747 462
743 471
737 480
731 487
723 494
715 499
706 503
696 506
686 507
676 507
666 505
657 501
648 497
640 491
633 484
627 475
623 467
619 457
617 447
617 437
618 427
620 418
624 409
630 400
636 393
644 386
652 381
662 377
671 375
681 374
691 375
701 377
710 380
719 385
727 392
734 399
739 407
743 417
746 426
747 436
747 446
745 456
742 465
737 474
731 482
724 489
716 495
707 500
698 504
688 506
678 506
668 505
658 503
649 499
641 494
633 487
626 480
621 471
617 462
614 453
612 443
612 433
614 423
617 413
621 404
627 396
634 389
642 383
651 378
660 375
670 373
680 372
690 374
699 376
709 380
717 386
724 392
731 400
736 409
740 418
742 428
743 438
742 448
740 457
736 466
731 475
724 483
717 490
709 495
700 500
690 503
680 504
670 504
660 502
651 499
642 495
634 489
627 482
620 474
615 466
612 456
609 447
608 437
609 427
611 417
614 408
619 399
625 391
633 384
641 378
650 374
659 371
669 370
679 370
689 371
699 374
707 379
716 385
723 392
729 400
733 409
737 418
739 428
739 438
738 448
735 457
731 466
725 475
718 482
711 489
702 494
693 498
684 501
674 502
664 502
654 500
644 496
636 491
628 485
621 478
615 470
610 461
607 452
604 442
604 432
604 422
607 412
610 403
615 394
621 387
629 380
637 374
646 370
656 367
666 366
676 366
686 368
695 372
704 376
712 382
719 389
725 398
729 406
732 416
734 426
734 436
733 446
730 455
725 464
720 473
713 480
705 486
696 491
687 495
677 497
667 498
657 497
648 495
638 491
630 486
622 479
616 472
610 464
606 455
602 445
601 435
600 425
601 415
604 406
608 397
613 388
619 380
627 374
636 369
645 365
654 362
664 361
674 362
684 364
693 368
702 373
710 379
717 386
722 395
727 404
729 413
731 423
730 433
729 443
725 453
721 461
715 469
708 477
700 483
691 487
682 491
672 493
662 493
652 492
642 489
633 485
625 479
617 473
611 465
606 457
602 447
599 438
597 428
597 418
599 408
602 398
606 389
611 381
618 374
626 367
635 363
644 359
654 357
664 356
674 357
683 360
693 364
701 369
709 375
715 383
720 392
724 401
727 410
728 420
727 430
725 440
721 449
716 458
710 466
703 473
695 478
686 483
676 486
666 487
656 487
646 485
637 482
628 477
620 471
613 464
607 456
602 447
599 438
596 428
596 418
596 408
598 399
601 389
606 380
612 372
619 366
627 360
636 355
646 352
656 351
666 351
676 352
685 355
694 360
702 365
710 372
716 380
720 389
724 398
726 408
726 418
725 428
722 438
718 447
713 455
706 463
698 469
690 474
681 478
671 481
661 481
651 481
641 478
632 475
623 469
616 463
609 455
604 447
599 438
596 429
595 419
594 409
595 399
598 389
602 380
607 371
613 364
621 357
629 352
639 348
648 345
658 345
668 345
678 347
687 351
696 356
704 362
711 369
716 377
720 387
723 396
725 406
724 416
723 426
719 435
715 444
709 452
702 459
694 465
685 470
676 473
666 475
656 475
646 474
636 471
627 467
619 461
612 454
606 446
601 437
597 428
595 418
593 408
594 398
595 389
598 379
603 370
609 362
616 355
623 349
632 344
642 341
652 339
662 339
671 340
681 342
690 347
699 352
706 359
712 367
717 375
721 385
723 394
724 404
723 414
721 424
717 433
712 442
705 449
698 456
689 461
680 465
670 468
660 469
650 468
641 466
631 463
623 458
615 451
608 444
603 436
598 427
595 417
593 407
593 397
594 387
596 378
600 368
605 360
611 352
619 345
627 340
636 336
646 333
656 332
666 333
676 335
685 338
694 343
702 349
709 356
714 364
719 373
722 383
723 393
723 403
722 413
719 422
714 431
708 439
701 446
693 452
685 457
675 460
665 462
655 463
645 461
636 459
627 454
619 449
611 442
605 434
600 425
596 416
594 406
593 396
593 386
594 376
597 367
602 358
608 350
614 342
622 336
631 332
641 328
650 326
660 326
670 327
680 330
689 334
697 339
705 346
711 354
716 362
720 371
722 381
723 391
722 401
720 411
716 420
711 429
705 436
697 443
689 448
680 453
670 455
660 456
650 456
640 454
631 450
622 445
615 439
608 432
602 423
598 414
595 405
593 395
592 385
593 375
595 365
599 356
604 347
611 340
618 333
626 327
635 323
645 321
655 320
665 320
675 322
684 325
693 330
701 336
708 343
714 351
718 360
721 370
723 380
723 390
721 400
718 409
714 418
708 426
701 433
693 440
684 444
675 448
665 450
655 450
645 449
636 446
626 442
618 436
611 429
605 421
600 413
596 403
594 394
592 384
592 374
594 364
597 354
601 345
607 337
614 330
622 324
631 319
640 316
650 314
660 313
670 314
679 317
688 321
697 326
704 333
711 341
716 349
720 358
722 368
723 378
722 388
720 398
716 407
711 416
705 424
697 430
689 436
680 440
670 442
660 444
650 443
640 441
631 438
622 433
614 426
608 419
602 411
598 402
595 392
593 382
592 372
593 362
595 353
599 343
604 335
610 327
618 320
626 315
635 311
645 308
655 307
665 307
674 309
684 312
693 317
701 323
708 330
713 338
718 347
721 357
722 367
722 377
721 387
718 396
714 405
708 413
701 421
693 427
684 432
675 435
665 437
655 437
645 436
635 433
626 429
618 423
611 416
605 409
600 400
596 391
593 381
592 371
592 361
594 351
597 342
601 333
607 324
614 317
621 311
630 306
640 303
649 301
659 300
669 302
679 304
688 308
697 314
704 320
710 328
716 336
719 346
722 355
722 365
722 375
720 385
716 394
711 403
704 411
697 417
689 423
679 427
670 430
660 431
650 430
640 429
631 425
622 420
614 414
608 406
602 398
598 389
594 380
592 370
592 360
593 350
595 340
599 331
604 322
610 314
617 308
626 302
635 298
644 295
654 294
664 294
674 296
684 300
692 304
700 310
707 318
713 326
718 335
721 344
722 354
722 364
721 374
718 383
713 392
708 401
701 408
693 414
684 419
675 422
665 424
655 424
645 423
635 421
626 416
618 411
611 404
605 396
600 387
596 378
593 368
592 358
592 348
593 339
596 329
601 320
606 312
613 305
621 298
630 294
639 290
649 288
659 288
669 289
679 291
688 295
696 301
704 307
710 315
715 324
719 333
722 343
722 353
722 363
719 372
716 382
711 390
704 398
697 405
688 410
679 414
670 417
660 418
650 418
640 416
631 412
622 407
614 401
608 394
602 385
597 376
594 367
592 357
592 347
593 337
595 327
598 318
604 309
610 302
617 295
626 289
635 285
644 283
654 281
664 282
674 284
683 287
692 292
700 298
707 305
713 313
718 322
721 331
722 341
722 351
721 361
718 371
713 380
708 388
701 395
693 401
684 406
675 409
665 411
655 412
645 411
635 408
626 404
618 398
611 391
605 383
600 375
596 365
593 356
592 346
592 336
593 326
596 316
601 307
606 299
613 292
621 286
630 281
639 277
649 275
659 275
669 276
679 279
688 283
696 288
704 295
710 302
715 311
719 320
721 330
722 340
722 350
719 360
716 369
711 378
704 385
697 392
688 397
679 402
670 404
660 405
650 405
640 403
631 400
622 395
614 388
607 381
602 373
597 364
594 354
592 344
592 334
593 324
595 315
598 305
603 297
610 289
617 282
626 277
635 273
644 270
654 269
664 269
674 271
683 274
692 279
700 285
707 292
713 300
718 309
721 319
722 329
722 339
721 349
718 358
713 367
708 375
701 382
693 389
684 393
675 397
665 399
655 399
645 398
635 395
626 391
618 385
611 378
605 370
599 362
596 353
593 343
592 333
592 323
593 313
596 304
601 295
606 286
613 279
621 273
630 268
639 265
649 263
659 262
669 263
679 266
688 270
696 275
704 282
710 290
715 298
719 308
721 317
722 327
722 337
719 347
716 356
711 365
704 373
697 379
688 385
679 389
670 391
660 393
650 392
640 390
631 387
622 382
614 376
607 368
602 360
597 351
594 341
592 332
592 322
593 312
595 302
598 293
603 284
610 276
617 270
626 264
635 260
644 257
654 256
664 256
674 258
683 261
692 266
700 272
707 279
713 288
717 297
721 306
722 316
722 326
721 336
718 345
713 354
708 363
701 370
693 376
684 381
675 384
665 386
655 386
645 385
635 383
626 378
618 373
611 366
604 358
599 349
596 340
593 330
592 320
592 310
593 300
596 291
601 282
606 274
613 266
621 260
630 255
639 252
649 250
659 250
669 251
679 253
688 257
696 263
704 269
710 277
715 286
719 295
721 305
722 314
722 324
719 334
716 344
711 352
704 360
697 367
688 372
679 376
670 379
660 380
650 380
640 378
630 374
622 369
614 363
607 355
602 347
597 338
594 329
592 319
592 309
592 299
595 289
598 280
603 271
610 264
617 257
626 251
635 247
644 244
654 243
664 244
674 245
683 249
692 254
700 260
707 267
713 275
717 284
721 293
722 303
722 313
721 323
718 333
713 342
707 350
701 357
693 363
684 368
674 371
665 373
655 374
645 373
635 370
626 366
618 360
611 353
604 345
599 336
596 327
593 317
592 308
592 298
593 288
596 278
601 269
606 261
613 254
621 248
630 243
639 239
649 237
659 237
669 238
679 241
688 245
696 250
704 257
710 264
715 273
719 282
721 292
722 302
722 312
719 322
716 331
710 339
704 347
697 354
688 359
679 363
670 366
660 367
650 367
640 365
630 361
622 356
614 350
607 343
602 334
597 325
594 316
592 306
592 296
592 286
595 276
598 267
603 259
610 251
617 244
626 239
635 234
644 232
654 231
664 231
674 233
683 236
692 241
700 247
707 254
713 262
717 271
721 281
722 291
722 301
721 310
718 320
713 329
707 337
701 344
693 350
684 355
674 359
665 361
655 361
645 360
635 357
626 353
618 347
611 340
604 332
599 324
596 314
593 305
592 295
592 285
593 275
596 265
601 256
606 248
613 241
621 235
630 230
639 227
649 225
659 224
669 225
679 228
688 232
696 237
704 244
710 252
715 260
719 269
721 279
722 289
722 299
719 309
716 318
710 327
704 334
697 341
688 347
679 351
670 353
660 355
650 354
640 352
630 349
622 344
614 337
607 330
602 322
597 313
594 303
592 293
592 283
592 273
595 264
598 254
603 246
610 238
617 231
626 226
635 222
644 219
654 218
664 218
674 220
684 223
692 228
700 234
707 241
713 249
717 258
721 268
722 278
722 288
721 298
718 307
713 316
707 324
701 332
693 338
684 342
674 346
665 348
655 348
645 347
635 344
626 340
618 334
611 327
604 320
599 311
596 302
593 292
592 282
592 272
593 262
596 253
601 244
606 235
613 228
621 222
630 217
639 214
649 212
659 211
669 212
679 215
688 219
696 225
704 231
710 239
715 247
719 257
721 266
722 276
721 286
719 296
716 305
710 314
704 322
697 328
688 334
679 338
670 341
660 342
650 341
640 339
630 336
622 331
614 325
607 317
602 309
597 300
594 290
592 281
592 271
592 261
595 251
598 242
603 233
610 225
617 219
626 213
635 209
644 206
654 205
664 205
674 207
683 211
692 215
700 221
707 229
713 237
717 246
721 255
722 265
722 275
721 285
718 295
713 303
707 312
701 319
693 325
684 330
674 333
665 335
655 335
645 334
635 332
626 327
618 322
611 315
604 307
599 298
596 289
593 279
592 269
592 259
593 249
596 240
601 231
606 223
613 215
621 209
630 204
639 201
649 199
659 199
669 200
679 202
688 206
696 212
704 218
710 226
715 235
719 244
721 254
722 264
721 274
719 283
716 293
710 301
704 309
697 316
688 321
679 325
669 328
660 329
650 329
640 327
630 323
622 318
614 312
607 304
602 296
597 287
594 278
592 268
592 258
592 248
595 238
598 229
604 220
610 213
617 206
626 200
635 196
644 194
654 192
664 193
674 195
684 198
692 203
700 209
707 216
713 224
718 233
721 243
722 252
722 262
721 272
718 282
713 291
707 299
700 306
693 312
684 317
674 320
665 322
655 323
645 322
635 319
626 315
618 309
611 302
604 294
599 285
596 276
593 266
592 257
592 247
593 237
596 227
601 218
606 210
613 203
621 197
630 192
639 188
649 186
659 186
669 187
679 190
688 194
696 199
704 206
710 213
715 222
719 231
721 241
722 251
722 261
719 271
716 280
710 289
704 296
697 303
688 308
679 313
669 315
660 316
650 316
640 314
630 311
622 306
614 299
607 292
602 283
597 274
594 265
592 255
592 245
593 235
595 225
598 216
604 208
610 200
617 193
626 188
635 184
644 181
654 180
664 180
674 182
684 185
692 190
700 196
707 203
713 211
718 220
721 230
722 240
722 250
721 260
718 269
713 278
707 286
700 294
693 300
684 304
674 308
664 310
655 310
645 309
635 306
626 302
618 296
611 289
604 281
599 273
596 263
593 254
592 244
592 234
593 224
596 214
601 205
607 197
613 190
621 184
630 179
640 176
649 174
659 173
669 174
679 177
688 181
696 187
704 193
710 201
715 209
719 219
721 228
722 238
721 248
719 258
715 267
710 276
704 284
697 290
688 296
679 300
669 303
659 304
649 303
640 301
630 298
622 293
614 286
607 279
602 271
597 262
594 252
592 242
592 232
593 222
595 213
598 203
604 195
610 187
617 180
626 175
635 171
644 168
654 167
664 167
674 169
684 173
692 177
700 183
707 191
713 199
718 208
721 217
722 227
722 237
721 247
718 257
713 266
707 274
700 281
692 287
684 292
674 295
664 297
654 297
645 296
635 293
626 289
618 283
610 276
604 269
599 260
596 251
593 241
592 231
592 221
593 211
596 202
601 193
606 184
613 177
621 171
630 166
639 163
649 161
659 161
669 162
679 164
688 168
696 174
704 180
710 188
715 197
719 206
721 216
722 226
721 236
719 245
715 255
710 263
704 271
697 278
688 283
679 287
669 290
659 291
649 291
640 289
630 285
622 280
614 274
607 266
602 258
597 249
594 239
592 230
592 220
592 210
595 200
598 191
604 182
610 174
617 168
626 162
635 158
644 155
654 154
664 155
674 156
684 160
692 165
700 171
707 178
713 186
718 195
721 205
722 214
722 224
721 234
718 244
713 253
707 261
700 268
692 274
684 279
674 282
664 284
654 285
645 283
635 281
626 276
618 271
610 264
604 256
599 247
596 238
593 228
592 218
592 208
593 198
596 189
601 180
607 172
613 164
621 158
630 154
640 150
649 148
659 148
669 149
679 152
688 156
696 161
704 168
710 175
715 184
719 193
721 203
722 213
721 223
719 233
715 242
710 251
704 258
697 265
688 270
679 274
669 277
659 278
649 278
640 276
630 272
622 267
614 261
607 254
602 245
597 236
594 227
592 217
592 207
593 197
595 187
599 178
604 169
610 162
617 155
626 149
635 145
645 143
654 142
664 142
674 144
684 147
692 152
700 158
707 165
713 173
718 182
721 192
722 202
722 212
721 222
718 231
713 240
707 248
700 255
692 262
684 266
674 270
664 272
654 272
644 271
635 268
626 264
618 258
610 251
604 243
599 234
596 225
593 216
592 206
592 196
593 186
596 176
601 167
607 159
613 152
621 146
630 141
640 137
649 135
659 135
669 136
679 139
688 143
697 148
704 155
710 162
716 171
719 180
722 190
723 200
722 210
720 220
716 229
711 237
705 245
697 252
689 257
680 261
670 264
660 265
650 265
640 263
631 260
622 255
614 248
608 241
602 233
598 224
594 214
592 204
592 194
593 184
595 175
599 165
604 157
610 149
617 142
626 137
635 133
644 130
654 128
664 128
674 130
684 133
692 138
701 144
708 151
714 159
718 168
721 177
723 187
723 197
722 207
719 216
715 225
710 234
703 241
695 247
686 252
677 256
667 258
657 259
647 258
638 255
628 251
620 246
613 239
606 231
601 223
597 213
594 204
593 194
593 184
594 174
597 164
601 155
606 147
613 140
621 133
629 128
639 124
648 122
658 121
668 121
678 124
687 127
696 132
704 138
711 145
717 154
721 163
724 172
725 182
725 192
723 202
720 212
715 220
710 229
702 236
694 242
686 246
676 249
666 251
656 251
646 250
637 247
628 243
620 237
612 230
606 222
601 213
598 204
595 194
594 184
594 174
596 165
599 155
603 146
609 138
616 131
624 125
633 120
642 116
652 114
662 113
672 114
682 116
691 120
700 125
707 131
714 138
720 147
724 156
727 165
728 175
727 185
726 195
722 205
718 213
712 221
705 228
696 234
688 239
678 242
668 243
658 243
648 242
639 239
630 235
622 229
614 222
608 214
603 205
600 196
597 186
596 176
596 166
598 156
601 147
606 138
612 130
618 123
626 117
635 112
644 108
654 106
664 105
674 105
684 107
693 110
702 115
710 121
717 129
723 137
727 146
730 155
731 165
731 175
730 185
727 195
722 204
717 212
710 219
702 225
693 230
683 233
674 235
664 235
654 234
644 231
635 227
627 221
619 215
613 207
607 199
603 189
601 180
599 170
599 160
601 150
603 140
608 131
613 123
620 116
628 110
637 105
646 101
656 98
666 97
676 97
685 99
695 102
704 106
712 112
719 119
725 127
730 136
734 145
735 155
736 165
735 175
732 184
728 193
722 202
716 209
708 216
699 221
690 224
680 227
670 227
660 227
651 224
641 220
633 215
625 209
618 202
613 193
608 184
605 175
603 165
603 155
604 145
607 135
611 126
616 118
623 111
631 104
640 99
649 96
659 93
669 92
679 92
688 93
698 96
707 100
715 106
723 113
729 120
734 129
737 138
739 148
740 158
739 168
736 178
732 187
727 196
720 203
713 210
704 215
695 219
685 221
675 222
665 221
656 219
646 216
638 211
630 204
623 197
617 189
613 180
610 170
608 160
607 151
608 141
611 131
615 122
621 114
628 107
636 101
645 96
654 92
664 89
674 88
684 89
694 90
703 93
712 98
720 103
727 110
734 118
738 127
742 136
744 146
744 156
743 166
740 176
736 185
731 193
724 201
716 207
707 212
698 216
688 218
678 219
669 218
659 216
650 212
641 207
633 200
627 193
621 185
617 176
614 166
612 156
612 146
613 136
616 127
621 118
627 110
635 103
643 98
652 93
661 90
671 88
681 87
691 87
701 89
710 93
719 97
727 104
734 111
739 119
744 128
747 137
748 147
748 157
747 167
744 177
739 186
733 194
727 201
719 207
710 212
700 215
690 217
680 217
671 216
661 213
652 209
643 204
636 197
630 189
624 181
621 172
618 162
617 152
617 142
619 132
623 123
628 114
635 107
642 101
651 95
660 91
670 88
679 87
689 86
699 87
709 90
718 94
727 99
734 106
741 113
746 122
750 131
753 141
753 151
753 161
751 170
747 180
742 188
736 196
729 203
720 209
711 213
702 216
692 217
682 217
672 215
663 212
654 207
646 201
639 194
633 186
628 177
625 168
623 158
622 148
623 138
626 128
630 119
636 111
643 104
652 98
660 94
670 90
679 88
689 87
699 87
709 89
719 92
728 97
736 102
743 109
749 117
753 126
757 136
758 146
759 156
757 166
755 175
750 184
745 193
738 200
730 206
721 211
712 215
702 217
692 217
682 216
673 214
663 210
655 205
647 198
641 191
636 182
632 173
629 163
628 154
628 144
630 134
634 124
639 116
646 108
653 102
662 97
671 92
680 89
690 88
700 87
710 89
720 91
729 95
738 100
745 107
752 114
757 123
761 132
763 142
764 152
764 161
762 171
758 181
753 189
747 197
740 204
731 210
722 214
713 217
703 218
693 218
683 216
674 213
665 208
657 202
650 195
644 187
639 178
636 169
634 159
634 149
635 139
638 130
643 121
649 113
656 106
664 100
673 95
682 92
692 89
702 88
712 89
722 91
731 94
740 99
748 104
755 112
761 120
765 129
769 138
770 148
770 158
769 168
766 177
762 186
756 195
749 202
741 208
733 213
723 217
713 219
703 219
694 218
684 215
675 211
666 206
659 200
652 192
647 183
643 174
641 164
640 154
641 144
643 135
647 125
652 117
659 110
667 103
675 98
684 94
694 91
704 90
714 89
724 91
733 93
742 97
751 103
758 109
765 117
770 126
774 135
776 145
777 155
776 165
774 174
770 184
765 192
758 200
751 207
743 212
733 216
724 219
714 220
704 220
694 218
685 214
676 209
668 203
661 196
655 188
651 179
648 170
646 160
646 150
648 140
651 130
656 121
662 114
669 107
677 101
686 96
696 93
706 91
716 90
726 91
735 93
745 96
753 101
761 107
768 114
774 122
778 131
781 141
783 151
783 161
781 171
778 180
774 189
768 197
761 204
753 210
744 215
735 218
725 220
715 221
705 219
695 217
686 212
678 207
670 200
664 193
659 184
655 175
653 165
653 155
653 145
656 135
660 126
665 118
672 110
680 104
689 99
698 95
707 92
717 91
727 91
737 92
747 95
756 99
764 105
772 111
778 119
783 128
786 137
789 147
789 157
788 167
786 176
782 186
777 194
770 202
763 208
754 214
745 218
736 220
726 221
716 221
706 219
696 215
688 210
680 204
673 197
667 188
663 179
660 170
659 160
659 150
661 140
664 131
669 122
675 114
682 107
691 102
700 97
709 94
719 92
729 91
739 92
749 94
758 97
767 102
774 108
781 116
787 124
791 133
794 142
795 152
795 162
794 172
790 182
786 191
780 199
773 206
765 212
756 216
747 219
737 221
727 221
717 220
707 217
698 213
690 207
683 201
676 193
671 184
668 175
666 165
665 155
666 145
669 135
673 126
678 118
685 111
693 104
702 99
711 95
720 93
730 91
740 91
750 93
760 95
769 100
777 105
784 112
791 120
796 129
799 138
801 148
802 158
801 168
798 177
795 187
789 195
783 203
775 209
767 214
757 218
748 221
738 222
728 221
718 219
709 215
700 210
692 204
685 197
680 189
676 179
673 170
671 160
672 150
674 140
677 131
682 122
688 114
695 107
704 102
713 97
722 94
732 92
742 91
752 92
762 94
771 98
780 103
787 109
794 116
800 125
804 134
807 143
808 153
808 163
806 173
803 182
798 191
792 199
785 206
777 212
768 217
759 220
749 222
739 222
729 220
719 218
710 213
702 208
695 201
689 193
684 184
680 175
678 165
678 155
679 145
681 135
686 126
691 118
698 111
706 105
714 99
724 96
733 93
743 92
753 92
763 93
773 96
782 100
790 106
797 113
803 120
808 129
812 139
814 148
815 158
814 168
811 178
807 187
802 196
795 203
788 210
779 215
770 219
760 221
750 222
740 221
730 219
721 216
712 211
705 204
698 197
692 189
688 179
685 170
684 160
684 150
686 140
690 131
695 122
701 114
708 107
716 102
725 97
735 94
745 92
755 91
765 92
774 94
784 98
792 103
800 109
807 117
812 125
817 134
819 144
821 153
821 163
819 173
815 183
811 192
805 200
798 207
790 213
781 217
771 220
761 222
751 222
741 221
732 218
723 213
715 208
707 201
701 193
696 184
693 175
691 165
690 155
691 145
694 135
698 126
704 118
711 111
719 105
727 100
736 96
746 93
756 92
766 92
776 93
786 96
795 100
803 106
810 113
816 121
821 129
825 139
827 149
827 159
826 169
824 178
820 187
814 196
808 203
800 210
792 215
782 219
773 221
763 222
753 221
743 219
734 216
725 211
717 204
710 197
705 189
701 179
698 170
697 160
697 150
699 140
702 131
707 122
714 114
721 108
729 102
738 97
748 94
757 92
767 92
777 92
787 95
797 98
805 103
813 109
820 117
825 125
829 134
832 144
833 154
833 164
831 174
828 183
823 192
817 200
810 207
802 213
793 217
784 220
774 222
764 222
754 221
744 218
735 213
727 208
720 201
714 193
709 184
706 175
704 165
703 155
704 145
707 135
711 126
717 118
724 111
731 105
740 100
749 96
759 93
769 92
779 92
789 93
798 96
807 101
816 106
823 113
829 121
834 130
837 139
839 149
840 159
839 169
836 178
832 188
827 196
820 204
813 210
804 215
795 219
785 221
775 222
765 222
755 219
746 216
737 211
730 204
723 197
718 189
713 179
711 170
709 160
710 150
712 140
715 131
720 122
726 114
734 108
742 102
751 97
760 94
770 92
780 92
790 92
800 95
809 98
818 103
826 110
832 117
838 125
842 134
845 144
846 154
846 164
844 174
841 183
836 192
830 200
823 207
815 213
806 217
796 220
786 222
776 222
767 221
757 218
748 213
740 208
733 201
726 193
722 184
718 175
716 165
716 155
717 145
720 135
724 126
729 118
736 111
744 105
753 100
762 96
772 93
782 92
792 92
802 93
811 96
820 101
828 106
836 113
842 121
847 130
850 139
852 149
853 159
851 169
849 179
845 188
840 196
833 204
825 210
817 215
807 219
798 221
788 222
778 222
768 219
759 216
750 211
742 204
736 197
730 188
726 179
723 170
722 160
722 150
724 140
728 131
733 122
739 114
747 107
755 102
764 97
773 94
783 92
793 92
803 92
813 95
822 98
831 103
838 110
845 117
851 125
855 134
858 144
859 154
859 164
857 174
853 183
849 192
843 200
836 207
827 213
818 217
809 220
799 222
789 222
779 221
770 218
761 213
752 208
745 201
739 193
734 184
731 175
729 165
728 155
730 145
732 135
736 126
742 118
749 111
757 105
766 100
775 96
784 93
794 92
804 92
814 93
824 96
833 101
841 106
848 113
854 121
859 130
863 139
865 149
865 159
864 169
862 179
858 188
853 196
846 204
839 210
830 216
821 219
811 222
801 223
791 222
781 220
772 216
763 211
756 205
749 198
743 189
739 180
736 171
735 161
735 151
737 141
741 132
745 123
752 115
759 108
767 103
776 98
786 95
795 93
805 92
815 93
825 95
834 98
843 103
851 110
858 117
863 125
868 134
871 144
872 154
872 164
871 173
868 183
863 192
857 200
850 207
843 213
834 218
824 222
814 223
804 224
795 223
785 220
776 216
767 210
760 204
754 196
749 187
745 178
743 168
742 158
743 148
745 139
749 129
754 121
761 114
769 107
777 102
786 98
796 95
806 93
816 93
826 94
835 97
844 101
853 106
860 113
867 120
872 129
876 138
879 148
880 158
879 168
877 177
874 187
869 196
863 204
856 211
848 216
839 221
830 224
820 225
810 225
800 224
790 221
781 217
773 211
766 204
760 196
755 187
752 178
750 168
749 158
750 148
753 138
757 129
763 121
770 114
778 107
786 102
795 98
805 96
815 94
825 94
835 96
844 99
853 103
862 109
869 115
875 123
880 132
884 141
887 151
888 161
887 171
885 181
882 190
877 199
871 207
864 214
856 219
847 224
837 227
827 228
817 228
807 227
798 224
789 219
781 214
774 207
768 199
763 190
759 180
758 171
757 161
758 151
761 141
765 132
771 124
778 116
785 110
794 105
803 101
813 98
823 97
833 97
843 98
852 101
861 105
869 111
877 118
883 125
888 134
892 143
895 153
896 163
896 173
895 182
892 192
887 201
881 209
874 216
866 222
858 227
848 230
838 232
828 233
818 231
809 229
800 225
791 219
784 212
778 205
772 196
769 187
767 177
766 167
767 157
769 147
773 138
778 130
784 122
792 115
800 110
809 105
819 102
829 100
839 100
849 101
858 103
867 108
876 113
883 120
890 127
895 136
899 145
902 154
903 164
904 174
902 184
900 194
895 203
890 211
883 219
876 225
867 230
858 234
848 236
838 237
828 236
818 234
809 230
800 225
793 218
786 211
781 202
777 193
774 183
773 173
774 163
776 154
779 144
784 136
790 128
797 121
805 115
814 110
824 107
833 105
843 104
853 105
863 107
872 111
881 116
888 123
895 131
900 139
904 148
907 158
908 168
908 178
907 188
905 197
901 206
895 215
889 222
881 229
872 234
863 238
853 240
843 241
833 240
824 238
814 234
806 229
798 223
791 215
786 207
782 198
779 188
778 178
778 168
780 158
784 149
788 140
794 132
802 125
810 119
819 114
828 111
838 109
848 108
858 109
867 112
877 116
885 121
892 128
898 136
903 145
907 154
910 163
911 173
911 183
910 193
907 203
903 212
897 220
890 228
882 234
874 239
864 242
855 244
845 245
