0.000000 0.000000 0.001074 
0.000000 0.100000 0.001538 
0.000000 0.200000 0.002750 
0.000000 0.300000 0.007001 
0.000000 0.400000 0.028572 
0.000000 0.500000 0.172195 
0.000000 0.600000 0.678596 
0.000000 0.700000 0.958168 
0.000000 0.800000 0.990608 
0.000000 0.900000 0.995495 
0.000000 1.000000 0.996943 
0.100000 0.000000 0.021697 
0.100000 0.100000 0.005558 
0.100000 0.200000 0.015693 
0.100000 0.300000 0.081953 
0.100000 0.400000 0.444429 
0.100000 0.500000 0.900269 
0.100000 0.600000 0.984775 
0.100000 0.700000 0.994260 
0.100000 0.800000 0.996520 
0.100000 0.900000 0.997339 
0.100000 1.000000 0.997680 
0.200000 0.000000 0.175530 
0.200000 0.100000 0.073023 
0.200000 0.200000 0.268155 
0.200000 0.300000 0.778451 
0.200000 0.400000 0.971139 
0.200000 0.500000 0.992130 
0.200000 0.600000 0.995888 
0.200000 0.700000 0.997091 
0.200000 0.800000 0.997579 
0.200000 0.900000 0.997771 
0.200000 1.000000 0.997764 
0.300000 0.000000 0.766153 
0.300000 0.100000 0.802164 
0.300000 0.200000 0.952038 
0.300000 0.300000 0.988361 
0.300000 0.400000 0.994906 
0.300000 0.500000 0.996735 
0.300000 0.600000 0.997430 
0.300000 0.700000 0.997722 
0.300000 0.800000 0.997799 
0.300000 0.900000 0.997666 
0.300000 1.000000 0.997115 
0.400000 0.000000 0.970965 
0.400000 0.100000 0.984214 
0.400000 0.200000 0.993392 
0.400000 0.300000 0.996214 
0.400000 0.400000 0.997218 
0.400000 0.500000 0.997636 
0.400000 0.600000 0.997795 
0.400000 0.700000 0.997765 
0.400000 0.800000 0.997453 
0.400000 0.900000 0.996385 
0.400000 1.000000 0.992052 
0.500000 0.000000 0.993018 
0.500000 0.100000 0.995511 
0.500000 0.200000 0.996918 
0.500000 0.300000 0.997509 
0.500000 0.400000 0.997758 
0.500000 0.500000 0.997810 
0.500000 0.600000 0.997651 
0.500000 0.700000 0.997040 
0.500000 0.800000 0.994863 
0.500000 0.900000 0.983653 
0.500000 1.000000 0.882130 
0.600000 0.000000 0.996259 
0.600000 0.100000 0.997330 
0.600000 0.200000 0.997686 
0.600000 0.300000 0.997816 
0.600000 0.400000 0.997762 
0.600000 0.500000 0.997413 
0.600000 0.600000 0.996229 
0.600000 0.700000 0.991292 
0.600000 0.800000 0.956485 
0.600000 0.900000 0.636973 
0.600000 1.000000 0.101766 
0.700000 0.000000 0.994028 
0.700000 0.100000 0.997781 
0.700000 0.200000 0.997818 
0.700000 0.300000 0.997631 
0.700000 0.400000 0.996956 
0.700000 0.500000 0.994517 
0.700000 0.600000 0.981401 
0.700000 0.700000 0.858928 
0.700000 0.800000 0.280412 
0.700000 0.900000 0.032200 
0.700000 1.000000 0.011157 
0.800000 0.000000 0.993642 
0.800000 0.100000 0.997744 
0.800000 0.200000 0.997367 
0.800000 0.300000 0.996055 
0.800000 0.400000 0.990407 
0.800000 0.500000 0.948606 
0.800000 0.600000 0.583618 
0.800000 0.700000 0.084442 
0.800000 0.800000 0.015579 
0.800000 0.900000 0.008944 
0.800000 1.000000 0.007353 
0.900000 0.000000 0.990904 
0.900000 0.100000 0.996788 
0.900000 0.200000 0.994112 
0.900000 0.300000 0.978704 
0.900000 0.400000 0.831412 
0.900000 0.500000 0.238020 
0.900000 0.600000 0.028049 
0.900000 0.700000 0.010701 
0.900000 0.800000 0.007871 
0.900000 0.900000 0.006985 
0.900000 1.000000 0.006647 
1.000000 0.000000 0.968589 
1.000000 0.100000 0.987279 
1.000000 0.200000 0.936874 
1.000000 0.300000 0.525438 
1.000000 0.400000 0.069965 
1.000000 0.500000 0.014477 
1.000000 0.600000 0.008736 
1.000000 0.700000 0.007285 
1.000000 0.800000 0.006765 
1.000000 0.900000 0.006557 
1.000000 1.000000 0.006471 
